  4.519278191484824E-014
   135.386935159603     
  0.000000000000000E+000
  0.000000000000000E+000
   162.498748499227     
  0.486151918699036     
   22.3070619999492     
   203.798277223523     
  0.000000000000000E+000
  0.000000000000000E+000
   247.756899118729     
   7.08907510677639     
   9.06195437917222     
   250.000000000000     
  0.000000000000000E+000
  0.000000000000000E+000
   203.438315454198     
   22.5998058275853     
  0.000000000000000E+000
  0.000000000000000E+000
   77.0107427410271     
   28.2630238805441     
  0.000000000000000E+000
  0.000000000000000E+000
   12.7457420942263     
   247.888433904232     
   35.3470283976253     
  0.000000000000000E+000
   77.0107427410271     
  0.000000000000000E+000
  0.958413453326825     
   250.000000000000     
   81.7825254700480     
  0.000000000000000E+000
   128.823040088773     
  0.000000000000000E+000
  3.348322494465287E-014
   250.000000000000     
  0.000000000000000E+000
  0.000000000000000E+000
  0.000000000000000E+000
  0.000000000000000E+000
  0.000000000000000E+000
  0.000000000000000E+000
  0.000000000000000E+000
  0.000000000000000E+000
   22.3281290297824     
  0.000000000000000E+000
  0.000000000000000E+000
  7.745119435305404E-014
  0.000000000000000E+000
  0.000000000000000E+000
  0.242765112554196     
  0.000000000000000E+000
  0.000000000000000E+000
   73.4358104221468     
  0.000000000000000E+000
  0.000000000000000E+000
  8.627939495318761E-014
  0.000000000000000E+000
  0.000000000000000E+000
   2.71434857910282     
  0.000000000000000E+000
  0.000000000000000E+000
  0.000000000000000E+000
  0.000000000000000E+000
  0.000000000000000E+000
  0.000000000000000E+000
  0.000000000000000E+000
  0.000000000000000E+000
  0.000000000000000E+000
  0.000000000000000E+000
  0.000000000000000E+000
  0.000000000000000E+000
  0.000000000000000E+000
  0.000000000000000E+000
  0.000000000000000E+000
   1.41030610446546     
  0.000000000000000E+000
  0.000000000000000E+000
  5.335217933510655E-014
  0.000000000000000E+000
  0.000000000000000E+000
   4.72792311810669     
  0.000000000000000E+000
  0.000000000000000E+000
   6.79373475495345     
  0.000000000000000E+000
  0.000000000000000E+000
 -0.113452716493474     
  0.000000000000000E+000
  0.000000000000000E+000
   43.9789476520587     
  0.000000000000000E+000
  0.000000000000000E+000
  0.000000000000000E+000
  0.000000000000000E+000
  0.000000000000000E+000
  0.000000000000000E+000
  0.000000000000000E+000
   12.7457420942262     
   37.7954681221956     
   247.888433904232     
  0.000000000000000E+000
  0.000000000000000E+000
   87.5421926210707     
   77.0107427410271     
   28.0083632887367     
  0.000000000000000E+000
  0.000000000000000E+000
   203.438315454198     
   28.4522756594529     
  0.000000000000000E+000
  0.000000000000000E+000
   8.59047365023007     
   247.756899118729     
   19.8083687774343     
  0.000000000000000E+000
   250.000000000000     
  0.000000000000000E+000
  0.695785954476180     
   162.498748499227     
   31.2885774686998     
  0.000000000000000E+000
   204.809476709183     
  0.000000000000000E+000
  5.090811012104080E-014
   143.962685193901     
  0.000000000000000E+000
  0.000000000000000E+000
  5.850594389043597E-014
   250.000000000000     
  0.000000000000000E+000
  0.000000000000000E+000
  0.958413453326743     
   90.0731484877351     
   250.000000000000     
  0.000000000000000E+000
  0.000000000000000E+000
   205.228359499717     
  0.000000000000000E+000
  0.000000000000000E+000
   2.36304735005144     
  0.000000000000000E+000
  0.000000000000000E+000
  4.775108148674424E-014
  0.000000000000000E+000
  0.000000000000000E+000
   10.0855352198453     
  0.000000000000000E+000
  0.000000000000000E+000
  0.000000000000000E+000
  0.000000000000000E+000
  0.000000000000000E+000
  0.000000000000000E+000
  0.000000000000000E+000
  0.000000000000000E+000
  0.000000000000000E+000
  0.000000000000000E+000
  0.000000000000000E+000
  0.000000000000000E+000
  0.000000000000000E+000
   122.166943544073     
  0.000000000000000E+000
  0.000000000000000E+000
  0.598174699798658     
  0.000000000000000E+000
  0.000000000000000E+000
   16.4276300058617     
  0.000000000000000E+000
  0.000000000000000E+000
   31.6671932086960     
  0.000000000000000E+000
  0.000000000000000E+000
  9.039071838420729E-014
  0.000000000000000E+000
  0.000000000000000E+000
  0.905718505022733     
  0.000000000000000E+000
  0.000000000000000E+000
  0.000000000000000E+000
  0.000000000000000E+000
  0.000000000000000E+000
  0.000000000000000E+000
  0.000000000000000E+000
  0.000000000000000E+000
  0.000000000000000E+000
  0.000000000000000E+000
  0.000000000000000E+000
  0.000000000000000E+000
  0.000000000000000E+000
  0.000000000000000E+000
  0.000000000000000E+000
   22.1955276560631     
  0.000000000000000E+000
  0.000000000000000E+000
  0.536379934497606     
  0.000000000000000E+000
  0.000000000000000E+000
   81.8608168803242     
  0.000000000000000E+000
  0.000000000000000E+000
  0.000000000000000E+000
  0.000000000000000E+000
  0.000000000000000E+000
   5.55520568633236     
  0.000000000000000E+000
  0.000000000000000E+000
  7.660283848925063E-014
  0.000000000000000E+000
  0.000000000000000E+000
   1.67706935428382     
  0.000000000000000E+000
   53.7349538899727     
  0.000000000000000E+000
  0.000000000000000E+000
 -6.590577048660720E-002
  0.000000000000000E+000
  0.000000000000000E+000
   15.0190963890622     
  0.000000000000000E+000
  0.000000000000000E+000
  0.000000000000000E+000
  0.000000000000000E+000
  0.000000000000000E+000
  0.000000000000000E+000
  0.000000000000000E+000
  0.000000000000000E+000
  0.000000000000000E+000
  0.000000000000000E+000
  0.000000000000000E+000
  0.000000000000000E+000
  0.304822892684301     
  0.000000000000000E+000
  0.000000000000000E+000
  6.559354932160319E-014
  0.000000000000000E+000
  0.000000000000000E+000
  0.000000000000000E+000
   4.26924634534277     
  0.000000000000000E+000
  0.000000000000000E+000
  0.802462500998134     
  0.000000000000000E+000
  0.000000000000000E+000
  0.000000000000000E+000
  0.000000000000000E+000
  0.000000000000000E+000
  0.000000000000000E+000
  0.000000000000000E+000
   77.0107427410270     
   12.7457420942263     
  0.958413453326852     
   162.498748499227     
   247.756899118729     
   203.438315454198     
  0.000000000000000E+000
  0.000000000000000E+000
  0.000000000000000E+000
  0.521743085002354     
  0.000000000000000E+000
   77.2287561558722     
  0.000000000000000E+000
  0.000000000000000E+000
   247.756899118729     
   15.9638892644241     
  0.000000000000000E+000
   130.438376246564     
  0.000000000000000E+000
  0.000000000000000E+000
   250.000000000000     
   79.4907407245886     
  0.000000000000000E+000
  0.000000000000000E+000
  0.000000000000000E+000
   250.000000000000     
  8.363566117071711E-014
  0.000000000000000E+000
  0.000000000000000E+000
  0.000000000000000E+000
   128.990787130855     
  6.859465930904203E-014
   16.4253543274589     
  0.000000000000000E+000
  0.000000000000000E+000
   203.457930925586     
  0.000000000000000E+000
   20.8902681589994     
  0.894137927848325     
   46.9660253207472     
  0.000000000000000E+000
  0.000000000000000E+000
   250.000000000000     
  0.000000000000000E+000
   1.24556174638653     
   10.0367144575472     
  0.000000000000000E+000
  0.000000000000000E+000
  0.000000000000000E+000
  1.183589299270828E-013
  0.000000000000000E+000
  0.000000000000000E+000
  0.979958525147998     
  0.000000000000000E+000
  0.000000000000000E+000
   1.05875084773288     
  0.000000000000000E+000
  0.000000000000000E+000
  0.000000000000000E+000
  0.000000000000000E+000
  0.000000000000000E+000
  0.000000000000000E+000
  0.000000000000000E+000
  0.000000000000000E+000
  0.000000000000000E+000
  0.000000000000000E+000
  0.000000000000000E+000
  0.000000000000000E+000
   84.2599477420721     
  0.000000000000000E+000
  0.000000000000000E+000
   1.39820794610415     
  0.000000000000000E+000
  0.000000000000000E+000
   85.0868610976152     
  0.000000000000000E+000
   10.5258276247781     
  0.000000000000000E+000
  0.000000000000000E+000
  6.964333783242799E-014
  0.000000000000000E+000
  0.000000000000000E+000
   11.8950549180643     
  0.000000000000000E+000
  0.000000000000000E+000
  0.000000000000000E+000
  0.000000000000000E+000
  0.000000000000000E+000
  0.000000000000000E+000
  0.000000000000000E+000
  0.000000000000000E+000
  0.000000000000000E+000
  0.000000000000000E+000
  0.000000000000000E+000
  0.000000000000000E+000
   18.0929059285412     
  0.000000000000000E+000
  0.000000000000000E+000
   20.2503028197113     
  0.000000000000000E+000
   162.498748499227     
  0.958413453326753     
   12.7457420942261     
   77.0107427410271     
   203.438315454198     
   247.756899118729     
  0.000000000000000E+000
   22.7541580793959     
  0.000000000000000E+000
  0.000000000000000E+000
   203.457930925586     
   20.8902681589992     
  0.888765923435248     
  0.000000000000000E+000
  0.000000000000000E+000
  0.000000000000000E+000
   128.990787130855     
  5.090343769166647E-014
  0.000000000000000E+000
  0.000000000000000E+000
  0.000000000000000E+000
   250.000000000000     
  7.165142073389516E-014
  0.000000000000000E+000
  0.000000000000000E+000
   145.013540290586     
  0.000000000000000E+000
   77.5384171540318     
   250.000000000000     
  0.000000000000000E+000
  0.000000000000000E+000
   77.9359171329469     
  0.000000000000000E+000
   15.7486270775626     
   247.756899118729     
  0.000000000000000E+000
  0.000000000000000E+000
  0.000000000000000E+000
  0.515021274664186     
  0.000000000000000E+000
  0.000000000000000E+000
  0.000000000000000E+000
  1.016093065609286E-013
  0.000000000000000E+000
   91.3498325937475     
  0.000000000000000E+000
  0.000000000000000E+000
   250.000000000000     
   1.24556174638641     
   9.97198797562326     
