 -9.500000000000000E-003
 -8.500000000000001E-003
 -7.500000000000000E-003
 -6.500000000000001E-003
 -9.500000000000000E-003
 -9.500000000000000E-003
 -8.500000000000001E-003
 -7.500000000000000E-003
 -7.500000000000000E-003
 -6.500000000000001E-003
 -9.500000000000000E-003
 -9.500000000000000E-003
 -8.500000000000001E-003
 -7.500000000000000E-003
 -7.500000000000000E-003
 -6.500000000000001E-003
 -9.500000000000000E-003
 -8.500000000000001E-003
 -7.500000000000000E-003
 -6.500000000000001E-003
 -9.500000000000000E-003
 -8.500000000000001E-003
 -7.500000000000000E-003
 -6.500000000000001E-003
 -9.500000000000000E-003
 -8.500000000000001E-003
 -8.500000000000001E-003
 -7.500000000000000E-003
 -6.500000000000001E-003
 -6.500000000000001E-003
 -9.500000000000000E-003
 -8.500000000000001E-003
 -8.500000000000001E-003
 -7.500000000000000E-003
 -6.500000000000001E-003
 -6.500000000000001E-003
 -9.500000000000000E-003
 -8.500000000000001E-003
 -7.500000000000000E-003
 -6.500000000000001E-003
 -5.500000000000000E-003
 -4.500000000000001E-003
 -3.500000000000000E-003
 -2.500000000000000E-003
 -1.500000000000000E-003
 -5.000000000000004E-004
 -5.500000000000000E-003
 -5.500000000000000E-003
 -4.500000000000001E-003
 -3.500000000000000E-003
 -3.500000000000000E-003
 -2.500000000000000E-003
 -1.500000000000000E-003
 -1.500000000000000E-003
 -5.000000000000004E-004
 -5.500000000000000E-003
 -5.500000000000000E-003
 -4.500000000000001E-003
 -3.500000000000000E-003
 -3.500000000000000E-003
 -2.500000000000000E-003
 -1.500000000000000E-003
 -1.500000000000000E-003
 -5.000000000000004E-004
 -5.500000000000000E-003
 -4.500000000000001E-003
 -3.500000000000000E-003
 -2.500000000000000E-003
 -1.500000000000000E-003
 -5.000000000000004E-004
 -5.500000000000000E-003
 -4.500000000000001E-003
 -3.500000000000000E-003
 -2.500000000000000E-003
 -1.500000000000000E-003
 -5.000000000000004E-004
 -5.500000000000000E-003
 -4.500000000000001E-003
 -4.500000000000001E-003
 -3.500000000000000E-003
 -2.500000000000000E-003
 -2.500000000000000E-003
 -1.500000000000000E-003
 -5.000000000000004E-004
 -5.000000000000004E-004
 -5.500000000000000E-003
 -4.500000000000001E-003
 -4.500000000000001E-003
 -3.500000000000000E-003
 -2.500000000000000E-003
 -2.500000000000000E-003
 -1.500000000000000E-003
 -5.000000000000004E-004
 -5.000000000000004E-004
 -5.500000000000000E-003
 -4.500000000000001E-003
 -3.500000000000000E-003
 -2.500000000000000E-003
 -1.500000000000000E-003
 -5.000000000000004E-004
 -9.500000000000000E-003
 -8.500000000000001E-003
 -8.500000000000001E-003
 -7.500000000000000E-003
 -6.500000000000001E-003
 -6.500000000000001E-003
 -9.500000000000000E-003
 -8.500000000000001E-003
 -7.500000000000000E-003
 -6.500000000000001E-003
 -9.500000000000000E-003
 -8.500000000000001E-003
 -7.500000000000000E-003
 -6.500000000000001E-003
 -9.500000000000000E-003
 -9.500000000000000E-003
 -8.500000000000001E-003
 -7.500000000000000E-003
 -7.500000000000000E-003
 -6.500000000000001E-003
 -9.500000000000000E-003
 -9.500000000000000E-003
 -8.500000000000001E-003
 -7.500000000000000E-003
 -7.500000000000000E-003
 -6.500000000000001E-003
 -9.500000000000000E-003
 -8.500000000000001E-003
 -7.500000000000000E-003
 -6.500000000000001E-003
 -9.500000000000000E-003
 -8.500000000000001E-003
 -7.500000000000000E-003
 -6.500000000000001E-003
 -9.500000000000000E-003
 -8.500000000000001E-003
 -8.500000000000001E-003
 -7.500000000000000E-003
 -6.500000000000001E-003
 -6.500000000000001E-003
 -5.500000000000000E-003
 -4.500000000000001E-003
 -4.500000000000001E-003
 -3.500000000000000E-003
 -2.500000000000000E-003
 -2.500000000000000E-003
 -1.500000000000000E-003
 -5.000000000000004E-004
 -5.000000000000004E-004
 -5.500000000000000E-003
 -4.500000000000001E-003
 -3.500000000000000E-003
 -2.500000000000000E-003
 -1.500000000000000E-003
 -5.000000000000004E-004
 -5.500000000000000E-003
 -4.500000000000001E-003
 -3.500000000000000E-003
 -2.500000000000000E-003
 -1.500000000000000E-003
 -5.000000000000004E-004
 -5.500000000000000E-003
 -5.500000000000000E-003
 -4.500000000000001E-003
 -3.500000000000000E-003
 -3.500000000000000E-003
 -2.500000000000000E-003
 -1.500000000000000E-003
 -1.500000000000000E-003
 -5.000000000000004E-004
 -5.500000000000000E-003
 -5.500000000000000E-003
 -4.500000000000001E-003
 -3.500000000000000E-003
 -3.500000000000000E-003
 -2.500000000000000E-003
 -1.500000000000000E-003
 -1.500000000000000E-003
 -5.000000000000004E-004
 -5.500000000000000E-003
 -4.500000000000001E-003
 -3.500000000000000E-003
 -2.500000000000000E-003
 -1.500000000000000E-003
 -5.000000000000004E-004
 -5.500000000000000E-003
 -4.500000000000001E-003
 -3.500000000000000E-003
 -2.500000000000000E-003
 -1.500000000000000E-003
 -5.000000000000004E-004
 -5.500000000000000E-003
 -4.500000000000001E-003
 -4.500000000000001E-003
 -3.500000000000000E-003
 -2.500000000000000E-003
 -2.500000000000000E-003
 -1.500000000000000E-003
 -5.000000000000004E-004
 -5.000000000000004E-004
  5.000000000000004E-004
  1.500000000000000E-003
  2.500000000000000E-003
  3.500000000000000E-003
  4.500000000000001E-003
  5.000000000000004E-004
  5.000000000000004E-004
  1.500000000000000E-003
  2.500000000000000E-003
  2.500000000000000E-003
  3.500000000000000E-003
  4.500000000000001E-003
  4.500000000000001E-003
  5.000000000000004E-004
  5.000000000000004E-004
  1.500000000000000E-003
  2.500000000000000E-003
  2.500000000000000E-003
  3.500000000000000E-003
  4.500000000000001E-003
  4.500000000000001E-003
  5.000000000000004E-004
  1.500000000000000E-003
  2.500000000000000E-003
  3.500000000000000E-003
  4.500000000000001E-003
  5.000000000000004E-004
  1.500000000000000E-003
  2.500000000000000E-003
  3.500000000000000E-003
  4.500000000000001E-003
  5.000000000000004E-004
  1.500000000000000E-003
  1.500000000000000E-003
  2.500000000000000E-003
  3.500000000000000E-003
  3.500000000000000E-003
  4.500000000000001E-003
  5.000000000000004E-004
  1.500000000000000E-003
  1.500000000000000E-003
  2.500000000000000E-003
  3.500000000000000E-003
  3.500000000000000E-003
  4.500000000000001E-003
  5.000000000000004E-004
  1.500000000000000E-003
  2.500000000000000E-003
  3.500000000000000E-003
  4.500000000000001E-003
  9.500000000000000E-003
  9.500000000000000E-003
  9.500000000000000E-003
  9.500000000000000E-003
  9.500000000000000E-003
  9.500000000000000E-003
  5.500000000000000E-003
  6.500000000000001E-003
  7.500000000000001E-003
  8.499999999999999E-003
  5.500000000000000E-003
  6.500000000000001E-003
  6.500000000000001E-003
  7.500000000000001E-003
  8.499999999999999E-003
  8.499999999999999E-003
  5.500000000000000E-003
  6.500000000000001E-003
  6.500000000000001E-003
  7.500000000000001E-003
  8.499999999999999E-003
  8.499999999999999E-003
  5.500000000000000E-003
  6.500000000000001E-003
  7.500000000000001E-003
  8.499999999999999E-003
  9.500000000000000E-003
  5.500000000000000E-003
  6.500000000000001E-003
  7.500000000000001E-003
  8.499999999999999E-003
  9.500000000000000E-003
  5.500000000000000E-003
  5.500000000000000E-003
  6.500000000000001E-003
  7.500000000000001E-003
  7.500000000000001E-003
  8.499999999999999E-003
  9.500000000000000E-003
  5.500000000000000E-003
  5.500000000000000E-003
  6.500000000000001E-003
  7.500000000000001E-003
  7.500000000000001E-003
  8.499999999999999E-003
  9.500000000000000E-003
  5.500000000000000E-003
  6.500000000000001E-003
  7.500000000000001E-003
  8.499999999999999E-003
  5.000000000000004E-004
  1.500000000000000E-003
  1.500000000000000E-003
  2.500000000000000E-003
  3.500000000000000E-003
  3.500000000000000E-003
  4.500000000000001E-003
  5.000000000000004E-004
  1.500000000000000E-003
  2.500000000000000E-003
  3.500000000000000E-003
  4.500000000000001E-003
  5.000000000000004E-004
  1.500000000000000E-003
  2.500000000000000E-003
  3.500000000000000E-003
  4.500000000000001E-003
  5.000000000000004E-004
  5.000000000000004E-004
  1.500000000000000E-003
  2.500000000000000E-003
  2.500000000000000E-003
  3.500000000000000E-003
  4.500000000000001E-003
  4.500000000000001E-003
  5.000000000000004E-004
  5.000000000000004E-004
  1.500000000000000E-003
  2.500000000000000E-003
  2.500000000000000E-003
  3.500000000000000E-003
  4.500000000000001E-003
  4.500000000000001E-003
  5.000000000000004E-004
  1.500000000000000E-003
  2.500000000000000E-003
  3.500000000000000E-003
  4.500000000000001E-003
  5.000000000000004E-004
  1.500000000000000E-003
  2.500000000000000E-003
  3.500000000000000E-003
  4.500000000000001E-003
  5.000000000000004E-004
  1.500000000000000E-003
  1.500000000000000E-003
  2.500000000000000E-003
  3.500000000000000E-003
  3.500000000000000E-003
  4.500000000000001E-003
  9.500000000000000E-003
  9.500000000000000E-003
  9.500000000000000E-003
  9.500000000000000E-003
  9.500000000000000E-003
  9.500000000000000E-003
  5.500000000000000E-003
  5.500000000000000E-003
  6.500000000000001E-003
  7.500000000000001E-003
  7.500000000000001E-003
  8.499999999999999E-003
  9.500000000000000E-003
  5.500000000000000E-003
  6.500000000000001E-003
  7.500000000000001E-003
  8.499999999999999E-003
  9.500000000000000E-003
  5.500000000000000E-003
  6.500000000000001E-003
  7.500000000000001E-003
  8.499999999999999E-003
  9.500000000000000E-003
  5.500000000000000E-003
  6.500000000000001E-003
  6.500000000000001E-003
  7.500000000000001E-003
  8.499999999999999E-003
  8.499999999999999E-003
  5.500000000000000E-003
  6.500000000000001E-003
  6.500000000000001E-003
  7.500000000000001E-003
  8.499999999999999E-003
  8.499999999999999E-003
  5.500000000000000E-003
  6.500000000000001E-003
  7.500000000000001E-003
  8.499999999999999E-003
  5.500000000000000E-003
  6.500000000000001E-003
  7.500000000000001E-003
  8.499999999999999E-003
  5.500000000000000E-003
  5.500000000000000E-003
  6.500000000000001E-003
  7.500000000000001E-003
  7.500000000000001E-003
  8.499999999999999E-003
  9.500000000000000E-003
