  8.837039683480621E-005
  1.211014495847694E-004
  1.276488650772621E-004
  1.440142571437073E-004
  5.236841188495512E-005
  7.200766407037454E-005
  9.819221101826124E-005
  8.510044291470000E-005
  1.145589206056546E-004
  1.309240484723295E-004
  5.891553759732426E-005
  5.891632164569935E-005
  6.546201737214425E-005
  6.546265282590105E-005
  9.819465334530139E-005
  9.819421249628666E-005
  4.255057182729467E-005
  3.927782083294622E-005
  5.564387829957765E-005
  7.528289454516051E-005
  9.821145966316870E-006
  3.600650993487407E-005
  3.600715057448903E-005
  6.219202873662818E-005
 -1.963650020966879E-005
  1.941392172718220E-009
  3.600707804561305E-005
  3.494779319001778E-009
  1.636721772035312E-005
  6.219072229777407E-005
 -5.564118842737917E-005
 -1.309118360800926E-005
  4.255158894398606E-005
 -2.945621363284665E-005
  3.274339624097347E-006
  6.219022857596653E-005
 -7.200740841168524E-005
 -4.254939082118908E-005
 -5.236853405240925E-005
 -1.309142797915235E-005
  1.423563082542627E-007
  1.574117431877252E-007
  1.331506013986221E-007
  1.361326011258220E-007
  1.301789899783838E-007
  1.271866019442222E-007
  9.401190414672469E-008
  1.306240357558536E-007
  1.397120513672018E-007
  6.074534423156560E-008
  1.154604669064925E-007
  1.093805697539518E-007
  5.773571169789978E-008
  1.184722027114666E-007
  1.093716344567293E-007
  8.812923106853321E-008
  1.154801404500105E-007
  1.002814737071989E-007
  5.468917906999010E-008
  9.723225255542992E-008
  7.290115639604718E-008
  5.164850923272704E-008
  1.063399682801716E-007
  8.812412074616362E-008
  7.901237879111490E-008
  6.383559167234115E-008
  4.255061984071342E-008
  3.042616347267512E-008
  4.255733009877613E-008
  6.081248831518155E-008
  6.690224960130305E-008
  5.171007265611598E-008
  1.221641084217122E-008
  1.829441218496769E-008
  2.133432883550743E-008
  4.868180863412837E-008
  4.568617069293086E-008
  3.107912682172263E-009
  5.174822518148493E-008
 -2.415464107315100E-008
 -1.815377907788054E-008
  2.136089927796335E-008
 -1.202099586930616E-008
  9.175477805690421E-009
  5.172649090906044E-008
  2.443735362246069E-008
 -1.509205897953902E-008
  5.174990319129513E-008
 -6.969672894421453E-008
 -4.545862710916718E-008
  1.834451690652002E-008
 -4.237320259395913E-008
 -2.941444564971505E-009
  4.871123272119274E-008
 -2.896717615493731E-009
 -3.024557598212541E-008
 -9.701716566172442E-008
 -7.882965707259509E-008
 -6.362225735248048E-008
 -1.810594970813111E-008
  1.055438058490869E-004
  1.301925492550081E-004
  1.055542840289224E-004
  1.407403385184841E-004
  1.548308208873834E-004
  9.852272114615904E-005
  7.740148105006103E-005
  9.852146643787225E-005
  1.090771487742335E-004
  1.337156690184846E-004
  6.334502304409766E-005
  7.039674568319042E-005
  7.743295786986368E-005
  1.091067043605779E-004
  5.631407847953066E-005
  4.575979504145831E-005
  4.224419104597455E-005
  9.150796876019484E-005
  5.983715405958575E-005
  7.391829592656153E-005
  2.815975295580679E-005
  3.527154546897107E-006
  2.112749653721141E-005
  6.335361116915100E-005
  2.816351098739086E-005
  4.576442168983448E-005
 -1.406934731741292E-005
  3.529450132965448E-006
  1.408659836294207E-005
  2.464542616131917E-005
 -5.629912408056173E-005
 -1.406894980397427E-005
 -2.462493256734616E-005
  3.527568792996181E-006
 -8.445390257095526E-005
  3.167934288867333E-005
 -3.518563772152856E-005
 -6.333684188861774E-005
  5.983413537618195E-005
 -1.055027617659098E-005
 -3.163088914648346E-008
 -2.924431053674863E-008
 -1.611146914028067E-008
 -2.683511769584207E-008
 -2.623949338618907E-008
 -1.432595344474941E-008
 -2.569167232967113E-008
 -2.507464956410631E-008
 -1.434608169075544E-008
 -2.573929930869289E-008
 -2.455120712318587E-008
 -2.217427739373763E-008
 -2.037143135715004E-008
 -2.036721201270276E-008
 -2.154378109475765E-008
 -1.915243866588430E-008
 -1.856610813855508E-008
 -1.378564873239480E-008
 -1.319006189798912E-008
 -1.377744255333287E-008
 -1.675713570492188E-008
 -2.152556311878160E-008
 -1.435884997916709E-008
 -1.316923698677881E-008
 -1.674703277526131E-008
 -4.797852935238163E-009
 -7.195993076709598E-009
 -1.614196190003101E-008
 -7.786622137076759E-009
 -1.255931694371100E-008
 -1.613842919446169E-008
 -8.335122208963416E-009
 -8.234594005109192E-009
 -8.844446624902489E-009
  6.437785054877516E-010
 -1.696016131509834E-009
 -9.426120515503527E-009
 -2.334600519911497E-009
 -8.244056494757419E-009
 -9.427829267630329E-009
 -2.869933035229760E-009
  2.470383766791257E-009
  5.444605721253521E-009
 -5.002031903565581E-010
 -4.068955905745109E-009
 -3.461268218045469E-009
  1.294739564904783E-009
  1.319766512457314E-008
  9.613604924451279E-009
  7.841840846474965E-009
  9.289585518521567E-011
  7.239186363535763E-010
 -7.620990021887663E-009
  5.446360683614606E-009
  1.856843807685912E-008
 -1.074438530463388E-009
  1.317413089265095E-008
  1.202334824820940E-008
 -8.218892958840316E-009
  3.062872409763724E-009
  2.042086607925250E-007
  2.041758382248050E-007
  1.953116300437895E-007
  2.086243535991727E-007
  1.953408056595406E-007
  1.065512796904670E-007
  1.865007919104971E-007
  1.687049768568224E-007
  8.880640183138496E-008
  1.687660593366912E-007
  1.687561917928850E-007
  1.065916401653110E-007
  1.776709057023870E-007
  1.110497258848048E-007
  1.687931970305665E-007
  1.243727420728024E-007
  7.995949280836808E-008
  1.421523793984091E-007
  1.243807893659655E-007
  1.154948274746765E-007
  1.643592645751800E-007
  9.773527433076334E-008
  7.997516348870678E-008
  6.664277758648892E-008
  7.109305848776305E-008
  1.155008472789169E-007
  7.553652336480141E-008
  6.221327584299469E-008
  3.556005821697928E-008
  5.333157299656660E-008
  9.330266049982730E-008
  3.557254257393195E-008
 -8.855497381633014E-009
  6.666273035689817E-008
 -4.392409948005631E-009
 -8.854130315930047E-009
  5.777906491376691E-008
  5.778604836622246E-008
  8.931746648110193E-009
 -3.993992153754422E-008
  6.222380910096261E-008
 -6.213306892466905E-008
 -3.549852320690630E-008
  5.333607314636958E-008
  8.926575654631201E-009
 -1.772580928835650E-008
 -6.658765250767647E-008
 -9.766601942871956E-008
 -6.658567365032258E-008
 -2.660918528307192E-008
 -1.088879158600924E-004
 -1.088886434281729E-004
 -8.781347943278482E-005
 -5.620192190287512E-005
 -8.430434869961470E-005
 -6.674113355923781E-005
 -1.510462841593358E-004
 -1.545584392177114E-004
 -9.484271878219255E-005
 -9.835548303063599E-005
 -1.440221640756292E-004
 -5.971655170794177E-005
 -1.475339322008489E-004
 -7.376730398512056E-005
 -2.810215364217922E-005
 -9.835592472150064E-005
 -1.229454140459158E-004
 -4.917866621316749E-005
 -1.299708251319038E-004
 -4.917842536999323E-005
 -1.405163055675197E-005
 -9.484347228253867E-005
 -9.484364555185023E-005
 -3.512800443723158E-005
 -3.161500209937578E-005
 -3.513582506430828E-006
  3.512043652301281E-006
 -7.728086751225313E-005
 -1.756528416858112E-005
 -2.810287965155243E-005
  2.810022998309832E-005
  7.024665242178863E-006
 -1.405174296075702E-005
 -7.376805451016913E-005
  1.756179910508923E-005
  2.458781476373306E-005
 -2.459015172622419E-005
  6.673988242305525E-005
  1.053731641275485E-005
  3.511491569084469E-006
 -7.728078276696976E-005
  4.215095534974039E-005
  4.566410193549760E-005
 -2.810250113898485E-005
  9.835479516273955E-005
  1.053753350369285E-005
  1.404931512946221E-005
  6.673998614049650E-005
  7.727828935839650E-005
  1.194314195338696E-004
  1.218631453035748E-007
  1.192203353904263E-007
  6.888399166692010E-008
  1.192544806957531E-007
  1.166163319584967E-007
  6.360516227099591E-008
  1.325258174162987E-007
  1.060203141325912E-007
  9.806771090763215E-008
  8.746298484907276E-008
  9.541692505454251E-008
  1.060216647469460E-007
  7.686910426745493E-008
  7.421527067440215E-008
  6.096443703176665E-008
  6.891538888240419E-008
  7.952145629676059E-008
  9.542961704155234E-008
  5.566837504935802E-008
  4.771586171441239E-008
  8.482589056523748E-008
  2.916278246636607E-008
  4.771583121556735E-008
  9.278263381370082E-008
  5.301903884692842E-008
  7.157617027803281E-008
  2.121769658370244E-008
  2.653919131501767E-008
  5.569753705767987E-008
  2.667740527890285E-009
  2.389128813696115E-008
  6.631101122269161E-008
  2.388068988955207E-008
  3.715426400928695E-008
  2.688810590101166E-009
  1.329085129014321E-008
  2.690561258013692E-009
  3.450233102044008E-008
  5.343128349530233E-009
 -1.852151061330685E-008
 -2.912504378412623E-008
 -1.586704835196882E-008
  3.946588707506305E-011
 -1.055906222127605E-008
  2.655279823081042E-008
 -3.443294574235590E-008
 -5.828044511024167E-008
  2.125129400282253E-008
 -3.178279693973038E-008
 -1.057335146209876E-008
 -7.246828498231633E-005
 -1.000762982085203E-004
 -9.317485600391802E-005
 -7.937243927436864E-005
 -7.592339849654555E-005
 -6.557039768853245E-005
 -1.587506085307130E-004
 -8.972842000058069E-005
 -1.345919510874871E-004
 -1.276901138335498E-004
 -6.902174739873573E-005
 -8.627652621791679E-005
 -6.557069456562384E-005
 -1.414953061822801E-004
 -9.318021710182217E-005
 -8.627765729954344E-005
 -5.866879762033220E-005
 -4.141339226346516E-005
 -1.138873918662204E-004
 -6.557221394208977E-005
 -4.831647723112561E-005
 -2.761001991280094E-005
 -6.902992760726417E-006
 -8.973065946578393E-005
 -1.035349471495324E-004
 -3.796393952936247E-005
  3.449282248956128E-006
 -5.867013564789369E-005
 -1.647847564931738E-009
 -4.141536554354366E-005
 -6.212149054160909E-005
 -1.380585943851997E-005
  2.415602039120792E-005
 -2.070784664467487E-005
  2.760757459097034E-005
 -2.070850356289795E-005
 -1.380625935639791E-005
  3.796018494753222E-005
  3.450954685101358E-005
  3.449249446406884E-006
  3.105810309275187E-005
  4.486256732861399E-005
  8.972730938879483E-005
 -6.902375080256887E-005
  1.380289768743730E-005
  7.247157770607421E-005
 -1.380561621558163E-005
  5.866748015764584E-005
  1.207876350373317E-004
  1.725477349631048E-005
