  1.374147184956511E-005
  1.254887575674901E-005
  1.135369187284306E-005
  1.015643404388871E-005
  1.194948500225522E-005
  1.195212367357147E-005
  1.135608915579967E-005
  1.016340350173111E-005
  9.568605839495102E-006
  9.568146835086250E-006
  8.966883825435819E-006
  8.964331419840010E-006
  8.365631746837294E-006
  7.168814006604821E-006
  1.075570228751679E-005
  1.016410903640193E-005
  8.973103530689125E-006
  7.180783856684967E-006
  5.387374489146822E-006
  5.386347487598981E-006
  5.386165380293834E-006
  5.386263689147429E-006
  5.983561428421573E-006
  6.580132172738977E-006
  6.575945822232860E-006
  5.973590796948697E-006
  9.559316811765833E-006
  8.964883155822859E-006
  7.771112013025571E-006
  5.379995136113602E-006
  2.988678047535788E-006
  1.792475354634234E-006
  1.194315655746827E-006
  1.194300560230776E-006
  1.792102694822758E-006
  2.987925393697269E-006
  4.184030917411779E-006
  5.379582887063382E-006
  5.377869550366579E-006
  4.778059582073099E-006
  8.366231150783194E-006
  7.773661014752925E-006
  6.580487988492566E-006
  4.188708911110692E-006
  1.797206030736394E-006
  6.005620703730253E-007
  1.969845210941198E-009
  1.393100250030636E-009
  1.470907475892684E-009
  1.953155828560162E-009
  6.002329294295602E-007
  1.796718284547809E-006
  2.992310484553869E-006
  4.187850507335896E-006
  4.185520999548684E-006
  3.583871085564548E-006
  7.171144222165161E-006
  6.580109526225488E-006
  5.388689253800058E-006
  4.193063802655024E-006
  1.202824345445249E-006
  6.281729895352312E-009
  5.552837371516606E-009
  5.263877332614503E-009
  5.148983133526783E-009
  5.240279768329682E-009
  5.396551079526935E-009
  5.659708267555432E-009
  6.801105634003916E-009
  1.202992846744729E-006
  2.996018687185312E-006
  2.995253186609188E-006
  2.990871890381137E-006
  2.388580321919002E-006
  5.975019409945273E-006
  5.382683214706904E-006
  4.190139697148488E-006
  1.798591758219677E-006
  3.235978475638953E-009
  2.287362083163245E-009
 -1.193971526555611E-006
 -1.193971526555611E-006
 -5.959038173560522E-007
 -5.959038173560522E-007
  2.163891843507113E-009
  2.163891843507113E-009
  2.470986193600575E-009
  3.319076688431946E-009
  6.016221486311159E-007
  1.796806205100957E-006
  1.793736043780731E-006
  1.192498119679161E-006
  5.375583357333202E-006
  4.778243827470069E-006
  2.984151887127064E-006
  5.920823052377521E-007
 -7.230183100075693E-009
 -1.202770117847251E-006
 -1.202770117847251E-006
 -1.202770117847251E-006
 -1.202770117847251E-006
 -7.431177111601715E-009
 -7.431177111601715E-009
 -7.431177111601715E-009
 -7.431177111601715E-009
 -7.181995946001679E-009
 -6.034981909651487E-007
  5.931853168038080E-007
  1.191863724537724E-006
  5.946438697794192E-007
  4.183738611449834E-006
  4.190442829488937E-006
  2.999375065399074E-006
  1.803485255163369E-006
  8.880555278070659E-009
  7.547340043341535E-009
 -1.189450557601794E-006
 -1.189450557601794E-006
 -1.189450557601794E-006
 -1.189450557601794E-006
  7.143549628301730E-009
  7.143549628301730E-009
  7.143549628301730E-009
  7.143549628301730E-009
  7.224327612644909E-009
  7.813516105142687E-009
  6.060094696400583E-007
  6.053329175705961E-007
  6.004673922291641E-007
 -6.000713866602137E-007
  2.989579977930941E-006
  2.402915290188824E-006
  1.812109670634274E-006
  1.215552461198867E-006
  1.804745047463136E-008
  1.619418166054606E-008
 -5.826620136725361E-007
 -1.181482316351486E-006
 -1.181482316351486E-006
 -1.181482316351486E-006
  1.615828900641367E-008
  1.615828900641367E-008
  1.615828900641367E-008
  1.615828900641367E-008
 -5.826620136725361E-007
  1.647586581740626E-008
  1.627524315551232E-008
 -5.844983621161517E-007
 -1.190098297562327E-006
 -1.796543355397723E-006
  1.791971166318508E-006
  1.203915446248673E-006
  6.121154159637910E-007
  1.486251550212445E-008
  1.332752862688745E-008
  1.143038645132214E-008
 -5.875958454570472E-007
  1.047186374251082E-008
  1.047186374251082E-008
  1.047186374251082E-008
  1.208223517388786E-006
  1.208223517388786E-006
  1.208223517388786E-006
  6.101558081892278E-007
  1.127998136609030E-008
  1.144345779742625E-008
 -1.184990112678853E-006
 -1.785284715991801E-006
 -2.389519673557203E-006
 -2.994774757523140E-006
  5.925931631983339E-007
 -5.995962382896933E-007
 -5.973420856528847E-007
 -5.987268315118029E-007
 -2.004996183160561E-009
 -3.287280774255722E-009
 -4.275503381535484E-009
 -4.275503381535484E-009
 -6.027535387082890E-007
 -6.027535387082890E-007
  5.942025319452181E-007
  5.942025319452181E-007
  5.942025319452181E-007
  5.942025319452181E-007
 -3.466938422607581E-009
 -3.256829110158569E-009
 -1.796943520340172E-006
 -2.992385803552992E-006
 -4.189858727596953E-006
 -4.191964692608487E-006
 -6.075130314948158E-007
 -1.206846499543578E-006
 -6.112410336876571E-007
  5.832011197370648E-007
 -1.513500304237313E-008
 -1.488448484035822E-008
 -1.488448484035822E-008
 -1.488448484035822E-008
 -1.488448484035822E-008
  1.180978048170550E-006
  1.180978048170550E-006
  1.180978048170550E-006
  1.180978048170550E-006
 -1.525027194995127E-008
 -6.129755874564477E-007
 -3.003130940214845E-006
 -4.794309423301838E-006
 -5.389307595145101E-006
 -1.201652791812549E-006
 -1.796652660570372E-006
 -1.794623986988851E-006
 -5.979963880286017E-007
 -1.875241138698901E-010
 -5.178221283018751E-010
 -1.140787131551964E-010
 -1.140787131551964E-010
 -1.140787131551964E-010
  5.982611932988437E-007
  5.982611932988437E-007
  1.196636465310843E-006
  1.196636465310843E-006
  5.982611932988437E-007
 -1.795486986652427E-006
 -4.188367039261045E-006
 -5.386159981696373E-006
 -5.984720260949516E-006
 -2.394907755571313E-006
 -2.989641165496444E-006
 -2.986974222828908E-006
 -2.986405990959310E-006
 -1.191949931479316E-006
  4.606602013851472E-009
 -5.939554420999930E-007
 -5.939554420999930E-007
 -5.939554420999930E-007
  4.542259530485513E-009
  6.030399611609640E-007
  6.030399611609640E-007
  6.030399611609640E-007
 -1.192428371708911E-006
 -4.184502153865562E-006
 -5.381839882599581E-006
 -6.580608513568923E-006
 -7.179003667834117E-006
 -3.590780466364945E-006
 -4.186790082009411E-006
 -4.185820549974386E-006
 -2.990448297909403E-006
 -1.793811700926443E-006
 -5.973701136762667E-007
  1.025688096896207E-009
  1.025688096896207E-009
  5.993832057875018E-007
  5.993832057875018E-007
  5.993832057875018E-007
 -5.973318295937094E-007
 -4.187433379411050E-006
 -6.579960891236712E-006
 -7.777191407746759E-006
 -8.376306380087086E-006
 -4.788783958855049E-006
 -5.386159766430018E-006
 -5.385916949196894E-006
 -4.189626000885348E-006
 -2.993140765020777E-006
 -1.796856298284929E-006
 -1.198685782563711E-006
 -1.198685782563711E-006
 -1.796969581410896E-006
 -2.993537179105266E-006
 -5.386631258220772E-006
 -7.779315072583203E-006
 -8.975806985259610E-006
 -9.573457922533185E-006
 -5.984486301360890E-006
 -6.581035701729566E-006
 -6.579105116213411E-006
 -5.980170946654507E-006
 -5.381687513498135E-006
 -5.382220831849789E-006
 -5.382492541335359E-006
 -4.784187841006520E-006
 -7.178390354485674E-006
 -8.974362802717419E-006
 -1.017240574970032E-005
 -1.077085056198366E-005
 -7.181329535298339E-006
 -8.377676569859883E-006
 -8.976176839732692E-006
 -8.975667617690306E-006
 -9.573093777591642E-006
 -9.573597321753308E-006
 -1.017346842763685E-005
 -1.137041840992698E-005
 -1.196768811829055E-005
 -1.196655597826893E-005
 -1.017390933018221E-005
 -1.137059209788068E-005
 -1.256726585877724E-005
 -1.376350992733974E-005
