   5.71955839235638     
  0.000000000000000E+000
  0.000000000000000E+000
  0.000000000000000E+000
   41.3049877417536     
   3.03459351156351     
  0.000000000000000E+000
  0.000000000000000E+000
  0.000000000000000E+000
  0.000000000000000E+000
  0.000000000000000E+000
   5.24188510953665     
  0.000000000000000E+000
  0.000000000000000E+000
  0.000000000000000E+000
  0.000000000000000E+000
  0.000000000000000E+000
  0.000000000000000E+000
  0.000000000000000E+000
  0.000000000000000E+000
   48.1011820801917     
  0.000000000000000E+000
  0.000000000000000E+000
  0.000000000000000E+000
  -5.27100363547938     
   129.297140185467     
  0.000000000000000E+000
  0.000000000000000E+000
   214.255044901948     
  0.000000000000000E+000
  -5.65959133045307     
  0.000000000000000E+000
  0.000000000000000E+000
  0.000000000000000E+000
  0.000000000000000E+000
  0.000000000000000E+000
   1.26127643454091     
  0.000000000000000E+000
  0.000000000000000E+000
  0.000000000000000E+000
  0.000000000000000E+000
  0.000000000000000E+000
  0.000000000000000E+000
  0.000000000000000E+000
  0.000000000000000E+000
  0.000000000000000E+000
   34.5596393280297     
  0.000000000000000E+000
  0.000000000000000E+000
   22.2769282650623     
  0.000000000000000E+000
  0.000000000000000E+000
   4.31711263868369     
  0.000000000000000E+000
  0.000000000000000E+000
  0.000000000000000E+000
  0.000000000000000E+000
  0.000000000000000E+000
   6.86157172029150     
  0.000000000000000E+000
  0.000000000000000E+000
  0.000000000000000E+000
  0.000000000000000E+000
  0.000000000000000E+000
  0.000000000000000E+000
  0.000000000000000E+000
  0.000000000000000E+000
  0.000000000000000E+000
  0.000000000000000E+000
  0.000000000000000E+000
  0.000000000000000E+000
  0.000000000000000E+000
  0.000000000000000E+000
  0.000000000000000E+000
  0.000000000000000E+000
  0.000000000000000E+000
  0.000000000000000E+000
   10.6244410484937     
  0.000000000000000E+000
  0.000000000000000E+000
   15.8796501179549     
  0.000000000000000E+000
  0.000000000000000E+000
   6.60076937672367     
  0.000000000000000E+000
  0.000000000000000E+000
  0.000000000000000E+000
  0.000000000000000E+000
  0.000000000000000E+000
   11.6856878191359     
  0.000000000000000E+000
  0.000000000000000E+000
  0.000000000000000E+000
  0.000000000000000E+000
  0.000000000000000E+000
  0.000000000000000E+000
  0.000000000000000E+000
  0.000000000000000E+000
  0.000000000000000E+000
  0.000000000000000E+000
   1.98910217773840     
  0.000000000000000E+000
  0.000000000000000E+000
  0.000000000000000E+000
  0.000000000000000E+000
   250.000000000000     
   47.7339396040908     
  0.000000000000000E+000
  0.000000000000000E+000
  0.000000000000000E+000
   215.713405096973     
  0.000000000000000E+000
  0.000000000000000E+000
  0.000000000000000E+000
   22.0775922963282     
  0.000000000000000E+000
  0.000000000000000E+000
  0.000000000000000E+000
  0.000000000000000E+000
  0.000000000000000E+000
  7.675504024963305E-002
   86.6105869047834     
  0.000000000000000E+000
  0.000000000000000E+000
   250.000000000000     
  0.000000000000000E+000
  -1.75353986054182     
  0.000000000000000E+000
  0.000000000000000E+000
  0.000000000000000E+000
   1.19646678712816     
  0.000000000000000E+000
  0.000000000000000E+000
  0.000000000000000E+000
   1.00683777755580     
  0.000000000000000E+000
  0.000000000000000E+000
  0.000000000000000E+000
  0.000000000000000E+000
  0.000000000000000E+000
  0.000000000000000E+000
  0.000000000000000E+000
   2.32673369145443     
  0.000000000000000E+000
  0.000000000000000E+000
   13.7611764866437     
  0.000000000000000E+000
  0.000000000000000E+000
   22.8505077315002     
  0.000000000000000E+000
  0.000000000000000E+000
  0.000000000000000E+000
  0.000000000000000E+000
  0.000000000000000E+000
  0.000000000000000E+000
  0.000000000000000E+000
  0.000000000000000E+000
  0.000000000000000E+000
  0.000000000000000E+000
  0.000000000000000E+000
  0.000000000000000E+000
  0.000000000000000E+000
  0.000000000000000E+000
  0.000000000000000E+000
  0.000000000000000E+000
  0.243307095003859     
  0.000000000000000E+000
  0.000000000000000E+000
  0.000000000000000E+000
  0.000000000000000E+000
  0.000000000000000E+000
   43.2623522236144     
  0.000000000000000E+000
  0.000000000000000E+000
   15.0845386649836     
  0.000000000000000E+000
  0.000000000000000E+000
   10.2934231928368     
  0.000000000000000E+000
  0.000000000000000E+000
  0.000000000000000E+000
  0.000000000000000E+000
  0.000000000000000E+000
  0.000000000000000E+000
  0.000000000000000E+000
  0.000000000000000E+000
  0.000000000000000E+000
  0.000000000000000E+000
  0.000000000000000E+000
  0.000000000000000E+000
  0.000000000000000E+000
  0.000000000000000E+000
  0.000000000000000E+000
  0.000000000000000E+000
  0.000000000000000E+000
  0.000000000000000E+000
   9.62546292751173     
  0.000000000000000E+000
  0.000000000000000E+000
  0.000000000000000E+000
  0.000000000000000E+000
  0.000000000000000E+000
  0.000000000000000E+000
  0.000000000000000E+000
  0.000000000000000E+000
   9.79740814920587     
  0.000000000000000E+000
  0.000000000000000E+000
   13.4566866341375     
  0.000000000000000E+000
  0.000000000000000E+000
  -2.77226643640505     
  0.000000000000000E+000
  0.000000000000000E+000
  0.000000000000000E+000
  0.000000000000000E+000
   4.94126648924568     
  0.000000000000000E+000
  0.000000000000000E+000
  0.000000000000000E+000
  0.000000000000000E+000
  0.000000000000000E+000
  0.000000000000000E+000
  0.000000000000000E+000
  0.000000000000000E+000
  0.000000000000000E+000
  0.000000000000000E+000
  0.000000000000000E+000
  0.000000000000000E+000
  0.000000000000000E+000
  0.000000000000000E+000
  0.000000000000000E+000
   7.47195239404667     
  0.000000000000000E+000
  0.000000000000000E+000
   1.10721370924901     
  0.000000000000000E+000
  0.000000000000000E+000
  0.000000000000000E+000
  0.000000000000000E+000
  0.000000000000000E+000
  0.000000000000000E+000
  -27.1525558118248     
  0.000000000000000E+000
  0.000000000000000E+000
  0.000000000000000E+000
  0.000000000000000E+000
  0.000000000000000E+000
  0.000000000000000E+000
  0.000000000000000E+000
   24.4913029495146     
   7.44921507903763     
   17.7338939723443     
   50.3192747492358     
  0.000000000000000E+000
  0.000000000000000E+000
  0.000000000000000E+000
  0.000000000000000E+000
  0.000000000000000E+000
   8.22707362252793     
  0.000000000000000E+000
   60.0582222623855     
  0.000000000000000E+000
  0.000000000000000E+000
  0.000000000000000E+000
  0.000000000000000E+000
  0.000000000000000E+000
  0.000000000000000E+000
  0.000000000000000E+000
  0.000000000000000E+000
  0.000000000000000E+000
  0.000000000000000E+000
  0.000000000000000E+000
  0.000000000000000E+000
  0.000000000000000E+000
  0.000000000000000E+000
   16.8933705980987     
  0.000000000000000E+000
  0.000000000000000E+000
  0.000000000000000E+000
  0.000000000000000E+000
   10.4402534847976     
   76.6936515377119     
  0.000000000000000E+000
  0.000000000000000E+000
   79.4926827540296     
  0.000000000000000E+000
  0.000000000000000E+000
   3.27298896002559     
  0.000000000000000E+000
  0.000000000000000E+000
  0.000000000000000E+000
  0.000000000000000E+000
  0.000000000000000E+000
  0.000000000000000E+000
   14.4464796919335     
  0.000000000000000E+000
  0.000000000000000E+000
  0.000000000000000E+000
   9.66126575537138     
  0.000000000000000E+000
  0.000000000000000E+000
   8.34312992799034     
  0.000000000000000E+000
  0.000000000000000E+000
  -1.48118889263580     
  0.000000000000000E+000
  0.000000000000000E+000
  0.000000000000000E+000
  0.000000000000000E+000
  0.000000000000000E+000
  0.000000000000000E+000
  0.000000000000000E+000
  0.000000000000000E+000
  0.000000000000000E+000
  0.000000000000000E+000
  0.000000000000000E+000
  0.000000000000000E+000
  0.000000000000000E+000
  0.000000000000000E+000
  0.000000000000000E+000
  0.449957040517813     
  0.000000000000000E+000
  0.000000000000000E+000
  0.000000000000000E+000
  0.000000000000000E+000
   25.3799026113075     
  0.000000000000000E+000
  0.000000000000000E+000
   9.30029185787669     
  0.000000000000000E+000
  0.000000000000000E+000
  -1.14355667240497     
  0.000000000000000E+000
  0.000000000000000E+000
  0.000000000000000E+000
  0.000000000000000E+000
  0.000000000000000E+000
  0.000000000000000E+000
  0.000000000000000E+000
  0.000000000000000E+000
  0.000000000000000E+000
  0.000000000000000E+000
  0.000000000000000E+000
  0.000000000000000E+000
  0.000000000000000E+000
  0.000000000000000E+000
  0.000000000000000E+000
  -30.6626699102297     
  0.000000000000000E+000
   43.6340001922650     
   18.2240270210422     
   8.80727911399724     
   27.9016715153192     
  0.000000000000000E+000
  0.000000000000000E+000
  0.000000000000000E+000
   87.7527780781091     
  0.000000000000000E+000
  0.000000000000000E+000
  0.000000000000000E+000
  0.000000000000000E+000
   5.54376451826061     
  0.000000000000000E+000
  0.000000000000000E+000
  0.000000000000000E+000
  0.000000000000000E+000
   13.6777011252389     
  0.000000000000000E+000
  0.000000000000000E+000
  0.000000000000000E+000
  0.000000000000000E+000
   18.1232420815328     
  0.000000000000000E+000
  0.000000000000000E+000
  0.000000000000000E+000
  0.000000000000000E+000
  0.000000000000000E+000
  0.000000000000000E+000
  0.000000000000000E+000
  0.000000000000000E+000
   82.9949587433088     
  0.000000000000000E+000
  0.000000000000000E+000
   82.8725067491337     
  0.000000000000000E+000
  0.000000000000000E+000
  0.000000000000000E+000
   10.3375731138184     
  0.000000000000000E+000
  0.000000000000000E+000
  0.000000000000000E+000
   11.9223242368401     
  0.000000000000000E+000
  0.000000000000000E+000
  0.000000000000000E+000
  0.000000000000000E+000
  0.000000000000000E+000
  0.000000000000000E+000
   12.0856078319193     
