 -1.808342602596941E-011
  0.000000000000000E+000
 -4.887412439451192E-013
  0.000000000000000E+000
  3.446009722222873E-010
 -6.844921781664436E-011
  8.676178230051884E-012
  8.676178230051884E-012
 -3.005795931822869E-012
  9.164919473997003E-012
  9.164919473997003E-012
 -9.643668948866182E-011
  6.159123542174134E-012
  9.164919473997003E-012
 -7.600757910028065E-012
 -4.887412439451192E-013
  9.164919473997003E-012
 -7.600757910028065E-012
  9.164919473997003E-012
 -3.005795931822869E-012
  8.676178230051884E-012
 -7.600757910028065E-012
  9.164919473997003E-012
 -7.600757910028065E-012
  2.725529302305909E-010
  2.205494237827524E-011
  5.289264994250170E-012
  2.156620113433012E-011
  2.205494237827524E-011
 -7.600757910028065E-012
  9.032252057977995E-011
  2.928049819842122E-011
 -7.600757910028065E-012
  2.627470226659835E-011
  2.205494237827524E-011
 -7.600757910028065E-012
  5.233638217064488E-011
  4.202339783242082E-011
  2.525772044839574E-011
  2.928049819842122E-011
  0.000000000000000E+000
  0.000000000000000E+000
  0.000000000000000E+000
  0.000000000000000E+000
  0.000000000000000E+000
  1.100662110607049E-011
  0.000000000000000E+000
  3.834273745967180E-013
  1.296513650081730E-011
  0.000000000000000E+000
  0.000000000000000E+000
 -1.673295055850542E-011
  0.000000000000000E+000
  8.716728033754271E-013
  0.000000000000000E+000
  0.000000000000000E+000
  1.646598169545097E-013
  0.000000000000000E+000
  0.000000000000000E+000
 -2.187675576422083E-013
  0.000000000000000E+000
  8.716728033754271E-013
  0.000000000000000E+000
  1.646598169545097E-013
  0.000000000000000E+000
 -2.187675576422083E-013
  8.716728033754271E-013
  0.000000000000000E+000
  1.646598169545097E-013
  0.000000000000000E+000
 -2.187675576422083E-013
  3.834273745967180E-013
  1.053525365914320E-011
  0.000000000000000E+000
  4.882454287787091E-013
 -2.814843993241392E-011
  0.000000000000000E+000
 -7.070129864209174E-013
  0.000000000000000E+000
 -2.546692602073682E-012
  0.000000000000000E+000
  0.000000000000000E+000
 -2.546692602073682E-012
  0.000000000000000E+000
  0.000000000000000E+000
  0.000000000000000E+000
 -2.546692602073682E-012
  0.000000000000000E+000
 -2.546692602073682E-012
  0.000000000000000E+000
