  1.371237459961514E-010
  8.228228602616317E-011
 -6.602228223252414E-011
 -1.271599243121670E-010
  1.615085604797105E-010
  9.668092381718700E-011
  6.752987778541152E-011
  1.635671501211636E-010
  1.338224618140699E-010
 -9.943265226206725E-011
 -1.422973193579377E-010
 -5.689230622585782E-011
 -9.647045767439437E-011
 -1.719324487079871E-010
  2.717170782738542E-010
  3.005859305846138E-010
  1.621406611486375E-010
  5.326510289806881E-011
  4.009735268125834E-011
  1.810172564978261E-011
 -6.765918009809892E-013
 -1.585763592869750E-011
 -2.812717986676214E-011
 -1.393781713617108E-010
 -2.877712763254694E-010
 -2.781374653793337E-010
  1.646414833623328E-010
  2.417648871952921E-010
  6.187319415747721E-011
  7.264055766865327E-011
  7.130456121773224E-011
  4.289078651730808E-011
  6.666913688876923E-012
 -9.725922564355069E-012
 -3.925462931046046E-011
 -6.349411450883323E-011
 -6.470656208697709E-011
 -5.325156123404118E-011
 -2.355378720095413E-010
 -1.741061050728819E-010
  3.214968852374745E-010
  2.659047117651618E-010
  7.749577742351875E-011
  7.961300516893760E-011
  8.592064710716955E-011
  6.983297770660295E-011
  3.366195639289131E-011
  9.745064890601533E-012
 -1.075219087415604E-011
 -3.674313362418561E-011
 -6.749687429755186E-011
 -6.976240270112966E-011
 -6.324454852150087E-011
 -6.097597356356894E-011
 -2.524103636752930E-010
 -3.223922557828387E-010
  3.401698993963902E-010
  4.546135886273799E-010
  9.929712360222262E-011
  1.036657079283798E-010
  1.110726916655168E-010
  7.448119981440090E-011
  2.638423016775654E-011
  1.067622626438914E-011
  4.805461511343395E-012
 -4.805104815754249E-012
 -1.119860061684571E-011
 -2.914387458761865E-011
 -6.256002907978772E-011
 -8.527552383305080E-011
 -7.658029177691032E-011
 -7.189954533969340E-011
 -4.320372011271571E-010
 -3.485750848974432E-010
  3.459626052780176E-010
  3.911601304254979E-010
  1.053274320095086E-010
  1.176475003459154E-010
  9.901659679040055E-011
  3.626098567120285E-011
  0.000000000000000E+000
  0.000000000000000E+000
  0.000000000000000E+000
  0.000000000000000E+000
  0.000000000000000E+000
  0.000000000000000E+000
 -2.440024225733262E-011
 -7.937163401686683E-011
 -1.027690851847910E-010
 -8.830635028948343E-011
 -3.791070939230952E-010
 -3.575945767642752E-010
  2.460157373744724E-010
  9.904597445206723E-011
  1.050288127032563E-010
  1.075095805873421E-010
  5.089648082753351E-011
  0.000000000000000E+000
  0.000000000000000E+000
  0.000000000000000E+000
  0.000000000000000E+000
  0.000000000000000E+000
  0.000000000000000E+000
  0.000000000000000E+000
  0.000000000000000E+000
 -4.836970801337427E-011
 -1.161465166425435E-010
 -1.137769416141191E-010
 -1.067063083947871E-010
 -2.536752438088345E-010
  4.466992704888846E-010
  5.026300050843558E-010
  1.358915711297165E-010
  1.301184387579669E-010
  1.032356312889818E-010
  3.549434195498614E-011
  0.000000000000000E+000
  0.000000000000000E+000
  0.000000000000000E+000
  0.000000000000000E+000
  0.000000000000000E+000
  0.000000000000000E+000
  0.000000000000000E+000
  0.000000000000000E+000
 -1.615559686853398E-011
 -6.664355217247631E-011
 -9.861190096216556E-011
 -1.062249498500310E-010
 -4.784644336829600E-010
 -4.579870817615275E-010
  6.965172719155475E-010
  7.915023783076832E-010
  1.828843096653476E-010
  1.635816108766075E-010
  1.233080071603745E-010
  3.589265413241539E-011
  0.000000000000000E+000
  0.000000000000000E+000
  0.000000000000000E+000
  0.000000000000000E+000
  0.000000000000000E+000
  0.000000000000000E+000
  0.000000000000000E+000
  0.000000000000000E+000
  0.000000000000000E+000
 -5.033676466445924E-011
 -1.004802609686264E-010
 -1.224150845411074E-010
 -7.455728845829892E-010
 -7.046211884263751E-010
  7.360832064858783E-010
  8.348413408300541E-010
  2.320190810402614E-010
  2.177274461194620E-010
  1.410263851140551E-010
  3.760127130792458E-011
  0.000000000000000E+000
  0.000000000000000E+000
  0.000000000000000E+000
  0.000000000000000E+000
  0.000000000000000E+000
  0.000000000000000E+000
  0.000000000000000E+000
  0.000000000000000E+000
  0.000000000000000E+000
 -6.594347626145762E-011
 -1.633877678858311E-010
 -1.795433647543651E-010
 -7.963000452592021E-010
 -7.525246950348068E-010
  5.862159272104453E-010
  6.340959101508621E-010
  2.666156266196444E-010
  2.418355766872104E-010
  1.305470927695449E-010
  2.566537833587109E-011
  0.000000000000000E+000
  0.000000000000000E+000
  0.000000000000000E+000
  0.000000000000000E+000
  0.000000000000000E+000
  0.000000000000000E+000
  0.000000000000000E+000
  0.000000000000000E+000
  0.000000000000000E+000
 -8.542859996952928E-011
 -2.266553038090440E-010
 -2.580435974093530E-010
 -6.335721150732494E-010
 -6.309358497364240E-010
  4.032120472987608E-010
  2.321597604109916E-010
  1.884037361670412E-010
  7.479354040176355E-011
  1.152689075796788E-011
  0.000000000000000E+000
  0.000000000000000E+000
  0.000000000000000E+000
  0.000000000000000E+000
  0.000000000000000E+000
  0.000000000000000E+000
  0.000000000000000E+000
  0.000000000000000E+000
  0.000000000000000E+000
 -7.434591152941816E-011
 -2.192933830065408E-010
 -2.755514520030021E-010
 -4.506693843480571E-010
  4.734895477593373E-010
  4.859226215292002E-010
  1.505821062630254E-010
  8.159304596176698E-011
  4.440077686792800E-011
  2.064362590190334E-011
  0.000000000000000E+000
  0.000000000000000E+000
  0.000000000000000E+000
  0.000000000000000E+000
  0.000000000000000E+000
  0.000000000000000E+000
  0.000000000000000E+000
  0.000000000000000E+000
 -4.555101841069770E-011
 -1.322212187963473E-010
 -4.900708735783580E-010
 -5.183055782895694E-010
  4.433877876144001E-010
  5.315696997522230E-010
  1.462982522399079E-010
  1.206328739040368E-010
  8.534883218004425E-011
  3.217124168354374E-011
  0.000000000000000E+000
  0.000000000000000E+000
  0.000000000000000E+000
  0.000000000000000E+000
  0.000000000000000E+000
  0.000000000000000E+000
  0.000000000000000E+000
 -2.477202155893994E-011
 -7.224132896241515E-011
 -1.027188780154396E-010
 -5.074454077230654E-010
 -4.736067223833718E-010
  3.890168865518287E-010
  3.478138483697908E-010
  1.553731397138235E-010
  9.908202415320167E-011
  4.626715656775459E-011
  1.644671071799995E-011
  0.000000000000000E+000
  0.000000000000000E+000
  0.000000000000000E+000
  0.000000000000000E+000
  0.000000000000000E+000
  0.000000000000000E+000
 -6.498587620320326E-011
 -1.461824721166090E-010
 -3.462791710168976E-010
 -4.054660127321069E-010
  2.826437295389221E-010
  3.534428963341083E-010
  1.114600958929930E-010
  4.946840835969460E-011
  3.302169764169465E-011
  1.888052099446148E-011
  0.000000000000000E+000
  0.000000000000000E+000
  0.000000000000000E+000
  0.000000000000000E+000
 -2.055813661584615E-011
 -1.055023781885052E-010
 -3.754334067131592E-010
 -3.471242950026876E-010
  3.701787163869534E-010
  3.875616802750099E-010
  2.274724619958579E-010
  9.606788440453995E-011
  7.718736341007846E-011
  4.022756048236983E-011
  1.008166902260848E-011
  0.000000000000000E+000
 -2.454478113726379E-011
 -1.745696412527972E-010
 -3.726798760661824E-010
 -4.052188476378581E-010
  2.695017464607871E-010
  2.142830275114885E-010
  1.866293200545048E-010
  2.622703328536949E-010
  2.124676241912338E-010
 -8.636931453178568E-011
 -1.956947178856148E-010
 -1.925415206080082E-010
 -2.605884490013452E-010
 -3.240907950487020E-010
  2.153946375844282E-010
  1.282231121765485E-010
 -1.032810665365779E-011
 -1.255000438608481E-010
