  5.267744696621029E-007
  7.482116911604444E-006
  2.660092661282669E-008
  2.504808709590748E-007
  1.085782485142165E-005
  4.144980196370070E-007
  4.083753472629459E-006
  2.322211310842407E-006
  3.776627217461687E-008
  2.896439259375956E-007
  3.327255794807771E-005
  1.400574593355047E-006
  4.039713861359507E-006
  4.633467730521063E-006
  1.053400849230921E-007
  2.652664272578203E-007
  3.382723055964085E-005
  4.634718484166828E-006
  5.391516220685740E-006
  3.294231445817269E-007
  1.598870260487329E-005
  4.350521078363190E-006
  4.383544796512994E-006
  4.424479301152759E-007
  6.011332176774040E-006
  1.487051921709680E-005
  4.699133019172588E-006
  2.586008186028514E-006
  5.227758027644487E-007
  5.866448858315907E-007
  2.463730346669328E-006
  1.983335334936713E-005
  7.584977620369514E-006
  1.760496853599575E-006
  2.113782892471874E-006
  7.700939772312564E-007
  2.081043594034650E-006
  1.742806456908011E-005
  1.990966400735143E-006
  2.049796425857905E-006
  0.000000000000000E+000
  0.000000000000000E+000
  0.000000000000000E+000
  0.000000000000000E+000
  0.000000000000000E+000
  0.000000000000000E+000
  2.402991676962992E-007
  0.000000000000000E+000
  2.938381735129580E-016
  4.306659456728753E-008
  0.000000000000000E+000
  0.000000000000000E+000
 -2.317184858399529E-008
  0.000000000000000E+000
  0.000000000000000E+000
 -4.421655798108166E-008
  0.000000000000000E+000
  0.000000000000000E+000
  4.836732366840065E-009
  0.000000000000000E+000
  0.000000000000000E+000
 -2.975584265369545E-008
  0.000000000000000E+000
  0.000000000000000E+000
  2.795819091596790E-009
  0.000000000000000E+000
  6.460888331384028E-011
  0.000000000000000E+000
 -5.062424903146765E-009
  0.000000000000000E+000
 -1.857111771033526E-009
  0.000000000000000E+000
 -7.071234369016892E-010
  0.000000000000000E+000
 -1.344438365505813E-009
  0.000000000000000E+000
 -2.849341393261059E-010
  4.891868204204161E-008
  0.000000000000000E+000
 -3.220027877707792E-011
 -1.175873919240151E-008
  0.000000000000000E+000
 -1.140115105089370E-010
 -3.471795176068959E-008
  0.000000000000000E+000
 -3.193325870468685E-016
  3.209719520106178E-008
  0.000000000000000E+000
 -1.598223382399425E-019
 -1.378367111746267E-008
  0.000000000000000E+000
 -2.706603748977358E-015
 -1.662751017886044E-008
  0.000000000000000E+000
  0.000000000000000E+000
  6.488401511965253E-009
  0.000000000000000E+000
 -7.116295161390179E-009
  0.000000000000000E+000
 -6.727782091154015E-009
  1.456681906513570E-006
  7.409710186107249E-006
  1.384449769524332E-005
  7.385763448775891E-008
  2.543542803052584E-007
 -1.542181483078598E-006
  1.152755194548231E-005
  5.879061257684750E-006
  8.780612083171445E-007
  3.670050287862659E-007
  3.975275660077620E-005
  5.431319408855676E-006
  4.250179160658877E-006
  3.656850712596205E-007
  3.835751752855403E-006
  3.254781927632066E-005
  4.591524834816892E-006
  8.848249563657641E-007
  7.256752129429820E-006
  3.299821622718585E-007
  2.083350561401715E-006
  1.391784501827163E-005
  5.915932020740984E-006
  1.540670991803197E-006
  6.687997112812594E-006
  4.072023802959343E-007
  1.841385990708184E-006
  1.180036738428129E-005
  1.778270827163818E-006
  9.415409379924380E-007
  1.749029090938463E-006
  1.776393022802827E-005
  1.711734437736354E-006
  1.716998276462247E-006
  2.599255331314593E-006
  7.714980653554872E-006
  1.924542978362014E-005
  1.809743987736176E-006
  7.262141407417625E-007
  2.409216629295943E-006
  0.000000000000000E+000
  0.000000000000000E+000
 -1.561643580418161E-008
  0.000000000000000E+000
  0.000000000000000E+000
 -1.996752169777106E-008
  0.000000000000000E+000
  0.000000000000000E+000
 -6.231776818218584E-008
 -3.240747612844184E-011
  0.000000000000000E+000
 -7.548720090662100E-011
  0.000000000000000E+000
 -2.094896414687231E-010
  0.000000000000000E+000
 -5.026423970621283E-010
  0.000000000000000E+000
 -1.157459001423094E-009
  0.000000000000000E+000
 -2.889248848342966E-009
  0.000000000000000E+000
  0.000000000000000E+000
 -8.003640686720328E-008
  0.000000000000000E+000
  0.000000000000000E+000
 -1.160507170520927E-009
  0.000000000000000E+000
  0.000000000000000E+000
  6.202909063390751E-009
  0.000000000000000E+000
  0.000000000000000E+000
  1.143956273841994E-007
 -1.478933251037093E-010
  0.000000000000000E+000
  1.043712865515773E-008
  5.227254892068339E-011
  0.000000000000000E+000
 -2.346460222367340E-008
  3.763506421716582E-011
  0.000000000000000E+000
 -1.443676439350504E-009
  0.000000000000000E+000
  6.024928465573178E-010
  0.000000000000000E+000
  1.272547206796045E-010
  0.000000000000000E+000
  6.577260963715831E-010
  0.000000000000000E+000
  2.361711873459308E-010
  0.000000000000000E+000
 -2.918616395560166E-009
 -2.375671557573801E-016
  0.000000000000000E+000
  1.728277997414086E-008
  1.055393586191190E-021
  0.000000000000000E+000
 -2.505774427774528E-009
  2.674423334097100E-016
  0.000000000000000E+000
 -4.492323701700758E-009
  0.000000000000000E+000
  0.000000000000000E+000
  0.000000000000000E+000
  0.000000000000000E+000
  0.000000000000000E+000
  3.844511411360524E-008
  0.000000000000000E+000
  0.000000000000000E+000
  2.481284181442225E-008
  0.000000000000000E+000
  0.000000000000000E+000
  2.578659525755073E-008
  0.000000000000000E+000
  7.118349652703596E-009
  0.000000000000000E+000
  0.000000000000000E+000
  1.069298067901235E-008
  0.000000000000000E+000
  0.000000000000000E+000
  4.384445573789527E-008
  0.000000000000000E+000
  2.431542226147458E-009
  0.000000000000000E+000
  3.438978394996919E-009
  0.000000000000000E+000
  7.022566502492658E-009
  2.747910311381870E-010
  0.000000000000000E+000
  5.745179290634339E-010
  0.000000000000000E+000
  1.801673344181138E-009
  5.921742971771465E-012
  2.718334464385056E-008
  0.000000000000000E+000
  2.239889556268656E-011
  1.757461251830695E-008
  0.000000000000000E+000
  1.489967302095848E-010
  3.693015952596899E-017
  3.124392800882822E-008
  0.000000000000000E+000
  3.729875039073526E-018
  8.605809754181518E-009
  0.000000000000000E+000
  4.908204812998804E-016
  0.000000000000000E+000
  1.134878449400988E-008
  0.000000000000000E+000
  3.864745933818763E-009
  0.000000000000000E+000
 -1.397769047201733E-005
 -4.308215110843217E-006
 -2.176679824112187E-006
 -1.062234783506255E-005
 -3.295516753660527E-005
 -3.555101962577637E-005
 -4.152774475153459E-009
 -2.005068665519697E-010
 -3.140640472083275E-006
 -1.070395679475705E-006
 -7.851356885085198E-011
  2.458376541278118E-007
 -2.361367473605797E-008
 -1.191723157990640E-006
 -1.946942028077197E-005
 -4.782562026949735E-006
 -8.837988479610971E-011
 -1.336093447630733E-006
 -1.318996822976015E-007
 -3.384411183637078E-007
 -2.378200221355208E-005
 -8.875930128686044E-006
 -2.119674604007385E-009
 -1.456306293184182E-006
 -2.895777721303713E-007
 -1.985652162062606E-005
 -1.292501442441180E-006
 -1.295319617932325E-008
 -8.305966393295530E-007
 -8.176750610533040E-007
 -1.209009851250696E-005
 -1.358933568149373E-006
  1.021306454290135E-007
 -3.493782544121351E-008
 -3.249246576223681E-007
 -8.414193134524513E-006
 -1.523332557160088E-006
 -5.043357724019359E-006
 -1.854819630344371E-006
 -1.199119226408973E-007
 -4.026904074166945E-008
 -9.070563772297845E-008
 -1.037162891966507E-005
 -1.638691303864093E-006
 -1.642757383580897E-006
 -2.983317809261886E-006
 -1.447926024033870E-007
 -6.411152206761012E-008
 -8.832712295304510E-006
 -9.446954672162581E-007
  0.000000000000000E+000
  0.000000000000000E+000
  3.289248478162786E-008
  0.000000000000000E+000
  0.000000000000000E+000
  1.624085439124239E-008
  0.000000000000000E+000
  7.294851636490301E-011
  0.000000000000000E+000
  1.036765539536260E-010
  0.000000000000000E+000
  3.068889598181616E-011
  1.086035503936310E-009
  0.000000000000000E+000
  1.568778953783579E-009
  0.000000000000000E+000
  4.873471278311060E-010
  0.000000000000000E+000
 -7.772159882116439E-009
  0.000000000000000E+000
  0.000000000000000E+000
  4.963847884896688E-009
  0.000000000000000E+000
  0.000000000000000E+000
  3.865330497523643E-008
  0.000000000000000E+000
  3.266123000826341E-008
 -2.373191004354826E-011
  0.000000000000000E+000
  1.469471009942879E-008
  8.143537542829422E-011
  0.000000000000000E+000
  1.507877186983076E-008
  0.000000000000000E+000
 -2.629560542109721E-011
  0.000000000000000E+000
  1.273826641730557E-009
  0.000000000000000E+000
  0.000000000000000E+000
  2.658193600535319E-009
  0.000000000000000E+000
  5.574200888953883E-009
  0.000000000000000E+000
 -3.146070631854853E-016
  0.000000000000000E+000
  4.315655388601356E-009
  5.578148224397487E-022
  0.000000000000000E+000
 -1.251553909236767E-009
  2.193840672090895E-016
 -1.166692646315220E-005
 -1.376239649727457E-006
 -2.195833235771250E-006
 -1.058667000411001E-005
 -3.704861318989871E-005
 -3.676276709573369E-005
  0.000000000000000E+000
  1.333814144132465E-007
 -1.117355720369974E-007
 -1.644771423166664E-010
 -7.555976887535202E-006
 -4.543505612323716E-006
 -7.468844179633821E-007
  0.000000000000000E+000
 -5.396232968289105E-007
 -3.845129607499662E-008
 -1.240661600408772E-005
 -1.031132675791313E-006
 -1.212649832581664E-010
 -1.222669555069925E-006
 -1.516569298055588E-007
 -1.978023771474493E-005
 -1.249870766034171E-006
 -2.782003158841473E-009
 -1.850773451216841E-009
 -1.534124236659657E-006
 -6.173999830637944E-007
 -8.293740344783507E-006
 -2.274808839522230E-005
 -1.634521156300627E-008
 -2.445947228852246E-007
 -1.067856290673327E-006
 -2.203753462622718E-006
 -3.855689760099688E-006
 -1.588753642543919E-005
 -5.552725762798680E-008
 -1.965057141405456E-007
 -5.593009846143574E-006
 -1.763334189705185E-006
 -1.377537611293325E-007
 -8.221062912766173E-008
 -9.258377754947884E-006
 -1.181449550832297E-006
 -4.157745982705515E-008
 -1.397187556564021E-007
 -1.162076396668409E-007
 -1.699710491253370E-006
 -1.076338132783786E-005
 -1.794299694344208E-006
 -2.975375173988645E-006
