 -1.739610138600488E-009
  1.349326433389247E-008
 -5.673475926253338E-011
 -5.873475513561875E-011
  3.829655223905033E-005
  6.670193330455570E-008
  8.724657808010644E-007
  9.735598092092449E-005
  2.394036592009220E-009
  2.786986352261059E-006
  2.765315472270739E-005
  1.763159001073898E-008
  1.269435778354083E-006
  3.208624271761118E-005
  3.153833573241504E-009
  1.076077355595181E-006
  1.209102591502516E-005
  7.414183622196742E-008
  7.327500342394730E-006
 -3.626371518911747E-009
  6.547877620206145E-006
 -7.841219583428451E-008
  7.290330685932414E-006
 -5.768108621424927E-009
  5.374624735517125E-006
  6.755800523419385E-005
 -2.578325771206828E-008
  9.542011270658771E-006
  7.819264736222504E-005
 -5.648203141082297E-009
  1.830542421606975E-006
  3.955150350828738E-005
 -4.568154641822044E-009
  2.872022043836926E-006
  3.551893209331866E-005
 -3.863453301443823E-009
  1.268976671476811E-007
  2.783954040297928E-005
 -2.094775192003769E-008
  2.712611014660175E-005
  0.000000000000000E+000
  0.000000000000000E+000
  0.000000000000000E+000
  0.000000000000000E+000
  0.000000000000000E+000
  9.291142831603281E-006
  0.000000000000000E+000
  1.033927677651652E-007
  6.909155107944220E-006
  0.000000000000000E+000
  0.000000000000000E+000
  3.210076681116090E-006
  0.000000000000000E+000
  1.356018389812587E-005
  0.000000000000000E+000
  0.000000000000000E+000
  4.038241655096357E-006
  0.000000000000000E+000
  0.000000000000000E+000
  7.480875537007247E-006
  0.000000000000000E+000
  1.164577566969799E-006
  0.000000000000000E+000
  1.561790924849361E-006
  0.000000000000000E+000
  7.420151016322042E-007
  1.164577566969799E-006
  0.000000000000000E+000
  1.561790924849361E-006
  0.000000000000000E+000
  7.420151016322042E-007
  9.173386959689859E-007
  4.145839421757147E-006
  0.000000000000000E+000
  1.029136777724587E-006
  7.067223947121187E-006
  0.000000000000000E+000
  4.948795600365106E-007
  4.864534817123407E-007
  8.405742776997112E-006
  0.000000000000000E+000
  9.772672066484736E-008
  2.590343498169671E-006
  0.000000000000000E+000
  2.892729911644563E-007
  0.000000000000000E+000
  3.325378424000965E-006
  0.000000000000000E+000
  3.325378424000965E-006
  0.000000000000000E+000
