 -9.491426110158093E-003
 -8.082204042242249E-003
 -7.499573678431037E-003
 -6.486019284916823E-003
 -9.116489736028249E-003
 -9.490570340624499E-003
 -8.279449821568332E-003
 -7.422490947526920E-003
 -7.499232811147790E-003
 -6.484132181239517E-003
 -8.373374383755856E-003
 -9.452857536289988E-003
 -8.300923393919708E-003
 -7.317520532338499E-003
 -7.496662405049837E-003
 -6.486477940878523E-003
 -8.394399126638150E-003
 -8.294206538183609E-003
 -7.317940971382899E-003
 -6.484992416180067E-003
 -8.959967334507308E-003
 -8.323003743101711E-003
 -7.341804918603784E-003
 -6.481597803660733E-003
 -9.271130743595894E-003
 -8.027293691510291E-003
 -8.307799332550781E-003
 -7.392259515965991E-003
 -6.462641160943199E-003
 -6.475865951636013E-003
 -9.392122954215293E-003
 -7.771694949785140E-003
 -8.145257605987720E-003
 -7.418738735091989E-003
 -6.419462700819334E-003
 -6.464708785326526E-003
 -9.409711924557940E-003
 -7.851327908536560E-003
 -7.412889395427539E-003
 -6.414850531303348E-003
 -5.500000000000000E-003
 -4.500000000000001E-003
 -3.500000000000000E-003
 -2.500000000000000E-003
 -1.500000000000000E-003
 -5.000000000000004E-004
 -5.496292970723127E-003
 -5.500000000000000E-003
 -4.499999999999646E-003
 -3.499464811733248E-003
 -3.500000000000000E-003
 -2.500000000000000E-003
 -1.500355622048529E-003
 -1.500000000000000E-003
 -5.000000000000004E-004
 -5.503477009790508E-003
 -5.500000000000000E-003
 -4.500000000000001E-003
 -3.499920168683065E-003
 -3.500000000000000E-003
 -2.500000000000000E-003
 -1.500748584951674E-003
 -1.500000000000000E-003
 -5.000000000000004E-004
 -5.500339610960559E-003
 -4.500000000000001E-003
 -3.500068713890400E-003
 -2.500000000000000E-003
 -1.500116889456567E-003
 -5.000000000000004E-004
 -5.500143870718383E-003
 -4.500000000000001E-003
 -3.500024867606936E-003
 -2.500000000000000E-003
 -1.500032809086954E-003
 -5.000000000000004E-004
 -5.500014343317359E-003
 -4.499663357126687E-003
 -4.500000000000001E-003
 -3.500000324660779E-003
 -2.500182729458026E-003
 -2.500000000000000E-003
 -1.500002932919312E-003
 -5.006799370899265E-004
 -5.000000000000004E-004
 -5.500000000015457E-003
 -4.499818995900013E-003
 -4.500000000000001E-003
 -3.500000000000000E-003
 -2.500204315883019E-003
 -2.500000000000000E-003
 -1.500000000053912E-003
 -5.003973335249070E-004
 -5.000000000000004E-004
 -5.500000000000000E-003
 -4.500111418391374E-003
 -3.500000000000000E-003
 -2.500106034400215E-003
 -1.500000000000000E-003
 -5.001534017219268E-004
 -9.443034505278473E-003
 -8.136266123757103E-003
 -8.036108108531856E-003
 -7.497193084568239E-003
 -6.487560890620857E-003
 -6.497221817003250E-003
 -9.132284589144113E-003
 -8.224003427958166E-003
 -7.473148742629178E-003
 -6.482562360734482E-003
 -8.424027081475509E-003
 -8.249837656281596E-003
 -7.389475621317477E-003
 -6.483076472139045E-003
 -9.384096090776695E-003
 -8.421925754092691E-003
 -8.294981166752997E-003
 -7.461444022381109E-003
 -7.259275634649158E-003
 -6.484851094474900E-003
 -9.414687983740525E-003
 -9.023493760865866E-003
 -8.270451383332461E-003
 -7.428946052960212E-003
 -7.292785646874030E-003
 -6.483822880146793E-003
 -9.414906721907266E-003
 -8.073449170107279E-003
 -7.416388931175326E-003
 -6.466862651894242E-003
 -9.418242909430522E-003
 -7.856748626995230E-003
 -7.419492050238022E-003
 -6.435616636097045E-003
 -9.387932334866110E-003
 -8.132932224473921E-003
 -7.819518243086321E-003
 -7.415218423765488E-003
 -6.464892759593210E-003
 -6.403284932824810E-003
 -5.500000000000000E-003
 -4.500000000000001E-003
 -4.500369771792316E-003
 -3.500000000000000E-003
 -2.500000000000000E-003
 -2.500209359561660E-003
 -1.500000000000000E-003
 -5.000000000000004E-004
 -5.010046875659416E-004
 -5.500000766637340E-003
 -4.500000000000001E-003
 -3.500001189433004E-003
 -2.500000000000000E-003
 -1.500002916825114E-003
 -5.000000000000004E-004
 -5.500011833127273E-003
 -4.500000000000001E-003
 -3.500018350295512E-003
 -2.500000000000000E-003
 -1.500041553306632E-003
 -5.000000000000004E-004
 -5.500000000000000E-003
 -5.504001657183587E-003
 -4.500000000000001E-003
 -3.500000000000000E-003
 -3.500079283171073E-003
 -2.500000000000000E-003
 -1.500000000000000E-003
 -1.499656864800814E-003
 -5.000000000000004E-004
 -5.500000000000000E-003
 -5.498689778915366E-003
 -4.500007823069190E-003
 -3.500000000000000E-003
 -3.499944933046442E-003
 -2.499998460283876E-003
 -1.500000000000000E-003
 -1.500282814781909E-003
 -4.999988279112952E-004
 -5.500000000000000E-003
 -4.500104337491990E-003
 -3.500000000000000E-003
 -2.499980032312782E-003
 -1.500000000000000E-003
 -4.999892928858669E-004
 -5.500000000000000E-003
 -4.500275925249750E-003
 -3.500000000000000E-003
 -2.499962616893218E-003
 -1.500000000000000E-003
 -5.000140212663155E-004
 -5.500000000011465E-003
 -4.500000000000001E-003
 -4.500116270904200E-003
 -3.500000000000000E-003
 -2.500000000000000E-003
 -2.499972849273625E-003
 -1.499999999993191E-003
 -5.000000000000004E-004
 -4.998715021813441E-004
  5.000000000000004E-004
  1.500000000000000E-003
  2.500000000000000E-003
  3.500000000000000E-003
  4.500000000000001E-003
  5.006569142319278E-004
  5.000000000000004E-004
  1.500000000000000E-003
  2.500283371182284E-003
  2.500000000000000E-003
  3.500000000000000E-003
  4.500431281182840E-003
  4.500000000000001E-003
  5.001671350289541E-004
  5.000000000000004E-004
  1.500000000000000E-003
  2.500121045131593E-003
  2.500000000000000E-003
  3.500000000000000E-003
  4.501803760484206E-003
  4.500000000000001E-003
  5.000448212477593E-004
  1.500000000000000E-003
  2.500075385561571E-003
  3.500000000000000E-003
  4.500265125317213E-003
  5.000060774159904E-004
  1.500000000000000E-003
  2.500014605708419E-003
  3.500000000000000E-003
  4.500075376107649E-003
  5.000002601141836E-004
  1.500391055342340E-003
  1.500000000000000E-003
  2.500000366102577E-003
  3.500389327758268E-003
  3.500000000000000E-003
  4.500006528502025E-003
  5.000000000016123E-004
  1.500578672577483E-003
  1.500000000000000E-003
  2.500000000000013E-003
  3.500308214167422E-003
  3.500000000000000E-003
  4.500000000019264E-003
  5.000000000000004E-004
  1.500219837549028E-003
  2.500000000000000E-003
  3.500175105583250E-003
  4.500000000000001E-003
  9.061756365604511E-003
  9.364450602723066E-003
  9.449146324692678E-003
  9.127281725427653E-003
  8.434694037608863E-003
  8.367014255292361E-003
  5.499954879487485E-003
  6.499997110606551E-003
  7.411396854024723E-003
  8.482353419763528E-003
  5.499999360904223E-003
  6.500646338566356E-003
  6.499613777564579E-003
  7.467321914538310E-003
  7.908698324355690E-003
  8.311403599321742E-003
  5.499998588666855E-003
  6.468756962138530E-003
  6.494894303575965E-003
  7.491610515831425E-003
  7.562861240963054E-003
  8.058212404213583E-003
  5.499953683759238E-003
  6.454731749406205E-003
  7.491599483283614E-003
  7.692794448163157E-003
  9.475705636926580E-003
  5.499553167800195E-003
  6.469278981857686E-003
  7.469025121231124E-003
  8.023210366164057E-003
  9.461945579681781E-003
  5.499123819170675E-003
  5.498487669107548E-003
  6.485584606505449E-003
  7.217357191701252E-003
  7.433551493296770E-003
  8.309763253232053E-003
  9.428006418017269E-003
  5.496755681887869E-003
  5.498078932543642E-003
  6.495969923779155E-003
  7.111420422320939E-003
  7.423057852714882E-003
  8.446762903890390E-003
  9.386353940716416E-003
  5.493789744734947E-003
  6.498143927919981E-003
  7.152406283035113E-003
  8.476853857571661E-003
  5.000000000000004E-004
  1.500000000000000E-003
  1.500444087920626E-003
  2.500000000000000E-003
  3.500000000000000E-003
  3.500320682864727E-003
  4.500000000000001E-003
  5.000009605199431E-004
  1.500000000000000E-003
  2.500001594858900E-003
  3.500000000000000E-003
  4.500000634109455E-003
  5.000144613189171E-004
  1.500000000000000E-003
  2.500024307203619E-003
  3.500000000000000E-003
  4.500009924945370E-003
  5.000000000000004E-004
  4.995526251602425E-004
  1.500000000000000E-003
  2.500000000000000E-003
  2.500063908015219E-003
  3.500000000000000E-003
  4.500000000000001E-003
  4.501685334840466E-003
  5.000000000000004E-004
  5.004105032881630E-004
  1.499998912951676E-003
  2.500000000000000E-003
  2.500226948155348E-003
  3.500003607222177E-003
  4.500000000000001E-003
  4.500422674323403E-003
  5.000000000000004E-004
  1.499989071318251E-003
  2.500000000000000E-003
  3.500053591171704E-003
  4.500000000000001E-003
  5.000000000000004E-004
  1.500003268497159E-003
  2.500000000000000E-003
  3.500200994875702E-003
  4.500000000000001E-003
  4.999999999864270E-004
  1.500000000000000E-003
  1.499942996658312E-003
  2.500000000000000E-003
  3.500000000000000E-003
  3.500144818378768E-003
  4.500000000008677E-003
  9.106964602748395E-003
  9.479628962141978E-003
  9.437049042670717E-003
  9.162595056262154E-003
  8.435701948158951E-003
  8.364062865642816E-003
  5.500000000000000E-003
  5.501833688828361E-003
  6.497828874077871E-003
  7.499997638603147E-003
  7.316612263004225E-003
  8.342874361453057E-003
  9.483011687693577E-003
  5.500000000000000E-003
  6.488798239217317E-003
  7.499155761174344E-003
  8.022540992392701E-003
  9.482375863977894E-003
  5.499993718654034E-003
  6.469815558670652E-003
  7.495757319653960E-003
  7.705392295885904E-003
  9.477006569548236E-003
  5.499853750243889E-003
  6.499959902128950E-003
  6.457679731510477E-003
  7.476776086662329E-003
  8.085663743205393E-003
  7.607195196091160E-003
  5.499130468542957E-003
  6.487917580133467E-003
  6.457737383918135E-003
  7.412925579925036E-003
  8.342049118945441E-003
  7.966404231332602E-003
  5.497476604692277E-003
  6.491987351410263E-003
  7.285509627424880E-003
  8.443534511844659E-003
  5.494857619033258E-003
  6.497601814694625E-003
  7.152280794990956E-003
  8.472384449546448E-003
  5.498041149223354E-003
  5.496000534665750E-003
  6.495508789408601E-003
  7.421415948355615E-003
  7.113741862024014E-003
  8.443805613312776E-003
  9.385868739967744E-003
