 -2.499996310404870E-003
 -6.504384855031872E-003
 -2.499999818939897E-003
 -6.500148094883642E-003
 -9.116528515813240E-003
 -1.500086700161015E-003
 -5.503338589460165E-003
 -8.120435345927246E-003
 -1.500005344516035E-003
 -5.500125799712955E-003
 -7.975624306978863E-003
 -5.004078053039054E-004
 -4.502676940887394E-003
 -7.710824621770329E-003
 -5.000301577272911E-004
 -4.500190353648554E-003
 -7.312626849389940E-003
 -3.501126081435382E-003
 -7.313070146363438E-003
 -3.500117895718897E-003
 -6.461926440730525E-003
 -2.500329257984109E-003
 -6.458033718257782E-003
 -2.500047025281956E-003
 -5.496849986633028E-003
 -8.629293798686542E-003
 -1.500055421869943E-003
 -5.498025325120411E-003
 -8.652234077317715E-003
 -1.500002861109034E-003
 -4.500899891391178E-003
 -7.682951263992119E-003
 -4.998821662649083E-004
 -4.500803968990361E-003
 -7.767092827149016E-003
 -4.999816742431582E-004
 -3.500462085229020E-003
 -7.096118229369967E-003
 -3.500423258073566E-003
 -7.241547761952772E-003
 -2.500000000000000E-003
 -6.500000000000001E-003
 -2.500000000000000E-003
 -6.500000000000001E-003
 -2.500000000000000E-003
 -6.500000000000001E-003
 -9.332566844449662E-003
 -1.500000000000000E-003
 -5.499999999996988E-003
 -9.470521282596877E-003
 -1.500000000000000E-003
 -5.500000000000000E-003
 -9.484388003212069E-003
 -1.500000000000000E-003
 -5.500000000000000E-003
 -8.117786572336394E-003
 -5.000000000000004E-004
 -4.500000000000001E-003
 -8.489761556642529E-003
 -5.000000000000004E-004
 -4.500000000000001E-003
 -8.319836795113934E-003
 -5.000000000000004E-004
 -4.500000000000001E-003
 -7.444614265700307E-003
 -3.500000000000000E-003
 -7.485334008115049E-003
 -3.500000000000000E-003
 -7.473938781227559E-003
 -3.500000000000000E-003
 -6.485164690638799E-003
 -2.500000000000000E-003
 -6.497126572323700E-003
 -2.500000000000000E-003
 -6.492281589633483E-003
 -2.500000000000000E-003
 -5.498784953483797E-003
 -9.440543947570500E-003
 -1.500000000000000E-003
 -5.499990454977090E-003
 -9.470692408652044E-003
 -1.500000000000000E-003
 -5.499318783090219E-003
 -9.432549803270317E-003
 -1.500000000000000E-003
 -4.499999999476095E-003
 -8.430701943601843E-003
 -5.000000000000004E-004
 -4.499999999999992E-003
 -8.460411518146388E-003
 -5.000000000000004E-004
 -4.499999995021896E-003
 -8.133852951236099E-003
 -5.000000000000004E-004
 -3.500000000000000E-003
 -7.461453203804434E-003
 -3.500000000000000E-003
 -7.463751415212774E-003
 -3.500000000000000E-003
 -7.405422568052463E-003
  5.500154137568944E-003
  1.499794896191172E-003
  8.143320299947628E-003
  5.499932818596586E-003
  1.499992780301518E-003
  8.647563173178130E-003
  6.499371814740908E-003
  2.499977326388069E-003
  6.489748238505646E-003
  2.499995263296778E-003
  7.399842840974153E-003
  3.500569769872914E-003
  7.406755542042249E-003
  3.500023819440694E-003
  4.995384522671174E-004
  8.040517895319978E-003
  4.501824245224465E-003
  4.999586391759382E-004
  7.799008585745249E-003
  4.500107486860524E-003
  1.499919718040631E-003
  9.065226611210637E-003
  5.498304248462990E-003
  1.499979871862296E-003
  8.441578198011069E-003
  5.499023005919889E-003
  2.500057430709355E-003
  6.444489072286398E-003
  2.500094348067838E-003
  6.470655630058074E-003
  3.500377308483200E-003
  7.204914816872803E-003
  3.500366769045140E-003
  7.326794027652994E-003
  4.500791550137340E-003
  4.998625711265456E-004
  7.799200696873089E-003
  4.500699528062331E-003
  4.999895886828617E-004
  7.827335557785944E-003
  5.500000000000000E-003
  1.500000000000000E-003
  9.513247466609096E-003
  5.500000000000000E-003
  1.500000000000000E-003
  9.487425495864477E-003
  5.500000000000000E-003
  1.500000000000000E-003
  9.409840488178651E-003
  6.500027436068360E-003
  2.500000000000000E-003
  6.499998416582536E-003
  2.500000000000000E-003
  6.499761994300590E-003
  2.500000000000000E-003
  7.500419656807603E-003
  3.500000000000000E-003
  7.499969027521558E-003
  3.500000000000000E-003
  7.496508142073388E-003
  3.500000000000000E-003
  5.000000000000004E-004
  8.169857865834469E-003
  4.500000000000001E-003
  5.000000000000004E-004
  8.506284046783183E-003
  4.500000000000001E-003
  5.000000000000004E-004
  8.357369013614439E-003
  4.500000000000001E-003
  1.500000000000000E-003
  9.328104444723059E-003
  5.499392708257130E-003
  1.500000000000000E-003
  9.476218126931670E-003
  5.499736410505705E-003
  1.500000000000000E-003
  9.452305473330300E-003
  5.499687630318386E-003
  2.500000000000000E-003
  6.490530422121668E-003
  2.500000000000000E-003
  6.496011691703877E-003
  2.500000000000000E-003
  6.494993106683274E-003
  3.500000000000000E-003
  7.462373158088694E-003
  3.500000000000000E-003
  7.484202961096779E-003
  3.500000000000000E-003
  7.479194625317822E-003
  4.499999999631956E-003
  5.000000000000004E-004
  8.428558031428068E-003
  4.500000000000001E-003
  5.000000000000004E-004
  8.469772075093312E-003
  4.499999999228463E-003
  5.000000000000004E-004
  8.222866029958666E-003
 -2.500000000000000E-003
 -6.500000000000001E-003
 -2.500000000000000E-003
 -6.500000000000001E-003
 -2.500000000000000E-003
 -9.417607578420752E-003
 -1.500000000000000E-003
 -5.500000000000000E-003
 -9.480473975790145E-003
 -1.500000000000000E-003
 -5.500000000000000E-003
 -9.503932157859791E-003
 -1.500000000000000E-003
 -8.033150792276410E-003
 -5.000000000000004E-004
 -4.500000000000001E-003
 -8.474018656505234E-003
 -5.000000000000004E-004
 -4.500000000000001E-003
 -8.287266545871159E-003
 -5.000000000000004E-004
 -7.435004184456505E-003
 -3.500000000000000E-003
 -7.480676852914856E-003
 -3.500000000000000E-003
 -7.470590527311492E-003
 -6.481201229558685E-003
 -2.500000000000000E-003
 -6.495633576055287E-003
 -2.500000000000000E-003
 -6.491168827089677E-003
 -5.498374866927262E-003
 -9.436233502862655E-003
 -1.500000000000000E-003
 -5.499914326271255E-003
 -9.483073009753254E-003
 -1.500000000000000E-003
 -5.499242481195571E-003
 -4.499999991802404E-003
 -8.356526741597264E-003
 -5.000000000000004E-004
 -4.499999999998834E-003
 -8.483016145314314E-003
 -5.000000000000004E-004
 -4.499999999379958E-003
 -3.500000000000000E-003
 -7.426332669791382E-003
 -3.500000000000000E-003
 -7.484876851543410E-003
 -3.500000000000000E-003
 -6.497867274696687E-003
 -5.498977568520969E-003
 -4.499385591985887E-003
 -9.133480889421335E-003
 -7.345270251359636E-003
 -8.040963752514304E-003
 -6.499992234912045E-003
 -2.499999934035897E-003
 -6.490181740742043E-003
 -2.500160781112373E-003
 -5.499999934238138E-003
 -8.979083646314379E-003
 -1.500004124935795E-003
 -5.498615540282888E-003
 -8.518525028426840E-003
 -1.500125264146313E-003
 -4.500000015351278E-003
 -8.016562372131398E-003
 -5.000039199200532E-004
 -4.499894699317193E-003
 -7.668883767299787E-003
 -4.998603119493156E-004
 -3.500000289487450E-003
 -7.382396461056274E-003
 -3.499993468769243E-003
 -7.183660274786254E-003
 -3.499891823260901E-003
 -2.500000733864173E-003
 -6.472725761188040E-003
 -2.500022508283982E-003
 -6.416989679244847E-003
 -2.500146152179219E-003
 -9.215125550959496E-003
 -1.500000350625866E-003
 -5.498125746156240E-003
 -8.710489571806980E-003
 -1.500023780377327E-003
 -5.489458267603459E-003
 -1.500213785251693E-003
 -8.076567267206245E-003
 -4.999995813749387E-004
 -4.500025636637821E-003
 -7.774897682367005E-003
 -5.000068927752727E-004
 -4.499451983555930E-003
 -5.004626262277395E-004
 -7.358791689954849E-003
 -3.499997457105769E-003
 -7.136359764995513E-003
 -3.499976084447022E-003
  5.500000000000000E-003
  1.500000000000000E-003
  9.480192497586330E-003
  5.500000000000000E-003
  1.500000000000000E-003
  9.526468725539933E-003
  5.500000000000000E-003
  6.499958034909285E-003
  2.500000000000000E-003
  6.500016583648295E-003
  2.500000000000000E-003
  6.500058563900991E-003
  7.499368548764753E-003
  3.500000000000000E-003
  7.500269352569405E-003
  3.500000000000000E-003
  7.500902144543512E-003
  5.000000000000004E-004
  8.104788278237067E-003
  4.500000000000001E-003
  5.000000000000004E-004
  8.492093602963147E-003
  4.500000000000001E-003
  5.000000000000004E-004
  8.330139822058515E-003
  1.500000000000000E-003
  9.378308777184007E-003
  5.499206832436166E-003
  1.500000000000000E-003
  9.479633827412008E-003
  5.499663657114893E-003
  1.500000000000000E-003
  9.478528099450946E-003
  2.500000000000000E-003
  6.488218751863895E-003
  2.500000000000000E-003
  6.495056610563266E-003
  2.500000000000000E-003
  3.500000000000000E-003
  7.456828059039851E-003
  3.500000000000000E-003
  7.483257955911391E-003
  3.500000000000000E-003
  4.499999995939997E-003
  5.000000000000004E-004
  8.396300295769278E-003
  4.500000000000001E-003
  5.000000000000004E-004
  8.479010404624419E-003
  4.499999999770823E-003
  9.115479877408102E-003
  4.499362450932565E-003
  5.498743800095674E-003
  6.494429406038925E-003
  7.420738146698372E-003
  8.107130680445265E-003
  1.500000000000000E-003
  9.253755106924883E-003
  5.499931893220565E-003
  1.499999925047538E-003
  8.244461821553637E-003
  5.496478951583787E-003
  1.500491023641549E-003
  2.500000000000000E-003
  6.491688353433099E-003
  2.500013574317944E-003
  6.469573799028440E-003
  2.500357622546051E-003
  3.500000086868559E-003
  7.434491158085493E-003
  3.500014420413656E-003
  7.319687246889939E-003
  3.499919249385394E-003
  4.500001902013404E-003
  5.000011838738681E-004
  8.047377139109472E-003
  4.499918885980319E-003
  4.998627970846458E-004
  7.828011147364455E-003
  5.499392328429574E-003
  1.499997156437055E-003
  8.955047369547589E-003
  5.494760973637541E-003
  1.500132835938352E-003
  8.773996742092961E-003
  6.486700033159547E-003
  2.500003553611340E-003
  6.435876995965224E-003
  2.500116797652543E-003
  7.420965348472459E-003
  3.500006577148332E-003
  7.213652755301976E-003
  3.499990499987038E-003
  4.999993490216100E-004
  8.134433583748560E-003
  4.500031021817489E-003
  4.999976705928788E-004
  7.846749239112291E-003
  4.499524010735208E-003
  5.005177204605676E-004
